100.00 0.00
99.96 0.00
99.86 0.00
99.68 0.00
99.43 0.00
99.12 0.00
98.73 0.00
98.27 0.00
97.73 0.00
97.13 0.00
96.45 0.00
95.71 0.00
94.89 0.00
93.99 0.00
93.03 0.00
91.99 0.00
90.88 0.00
89.69 0.00
88.43 0.00
87.09 0.00
85.68 0.00
84.19 0.00
82.63 0.00
80.99 0.00
79.26 0.00
77.46 0.00
75.58 0.00
73.62 0.00
71.57 0.00
69.44 0.00
67.23 0.00
64.93 0.00
62.54 0.00
60.06 0.00
57.50 0.00
54.83 0.00
52.08 0.00
49.22 0.00
46.26 0.00
43.20 0.00
40.04 0.00
36.76 0.00
33.36 0.00
29.84 0.00
26.19 0.00
22.41 0.00
18.47 0.00
14.37 0.00
10.08 0.00
5.56 0.00
0.73 0.00
-4.34 0.00
-9.03 0.00
-13.48 0.00
-17.74 0.00
-21.83 0.00
-25.77 0.00
-29.57 0.00
-33.24 0.00
-36.79 0.00
-40.22 0.00
-43.54 0.00
-46.75 0.00
-49.86 0.00
-52.86 0.00
-55.77 0.00
-58.59 0.00
-61.31 0.00
-63.95 0.00
-66.49 0.00
-68.95 0.00
-71.32 0.00
-73.61 0.00
-75.82 0.00
-77.94 0.00
-79.99 0.00
-81.95 0.00
-83.84 0.00
-85.65 0.00
-87.39 0.00
-89.04 0.00
-90.63 0.00
-92.14 0.00
-93.57 0.00
-94.94 0.00
-96.23 0.00
-97.44 0.00
-98.59 0.00
-99.67 0.00
-100.67 0.00
-101.60 0.00
-102.47 0.00
-103.26 0.00
-103.99 0.00
-104.64 0.00
-105.23 0.00
-105.74 0.00
-106.19 0.00
-106.57 0.00
-106.88 0.00
-107.12 0.00
-107.30 0.00
-107.41 0.00
-107.44 0.00
-107.41 0.00
-107.31 0.00
-107.15 0.00
-106.91 0.00
-106.61 0.00
-106.24 0.00
-105.80 0.00
-105.29 0.00
-104.71 0.00
-104.06 0.00
-103.34 0.00
-102.56 0.00
-101.70 0.00
-100.77 0.00
-99.78 0.00
-98.71 0.00
-97.57 0.00
-96.36 0.00
-95.08 0.00
-93.72 0.00
-92.30 0.00
-90.79 0.00
-89.22 0.00
-87.57 0.00
-85.84 0.00
-84.04 0.00
-82.16 0.00
-80.20 0.00
-78.16 0.00
-76.05 0.00
-73.85 0.00
-71.57 0.00
-69.21 0.00
-66.76 0.00
-64.22 0.00
-61.60 0.00
-58.89 0.00
-56.08 0.00
-53.18 0.00
-50.18 0.00
-47.09 0.00
-43.89 0.00
-40.58 0.00
-37.16 0.00
-33.63 0.00
-29.97 0.00
-26.19 0.00
-22.26 0.00
-18.19 0.00
-13.95 0.00
-9.52 0.00
-4.85 0.00
0.16 0.00
4.59 0.00
8.66 0.00
12.50 0.00
16.13 0.00
19.58 0.00
22.88 0.00
26.02 0.00
29.03 0.00
31.91 0.00
34.66 0.00
37.29 0.00
39.81 0.00
42.21 0.00
44.50 0.00
46.69 0.00
48.78 0.00
50.76 0.00
52.64 0.00
54.43 0.00
56.12 0.00
57.72 0.00
59.22 0.00
60.63 0.00
61.95 0.00
63.18 0.00
64.33 0.00
65.38 0.00
66.35 0.00
67.23 0.00
68.02 0.00
68.73 0.00
69.35 0.00
69.89 0.00
70.34 0.00
70.71 0.00
70.99 0.00
71.19 0.00
71.31 0.00
71.34 0.00
71.29 0.00
71.16 0.00
70.94 0.00
70.63 0.00
70.25 0.00
69.78 0.00
69.22 0.00
68.58 0.00
67.85 0.00
67.04 0.00
66.14 0.00
65.16 0.00
64.09 0.00
62.93 0.00
61.68 0.00
60.33 0.00
58.90 0.00
57.38 0.00
55.76 0.00
54.05 0.00
52.24 0.00
50.34 0.00
48.33 0.00
46.23 0.00
44.01 0.00
41.70 0.00
39.27 0.00
36.73 0.00
34.07 0.00
31.29 0.00
28.39 0.00
25.35 0.00
22.18 0.00
18.85 0.00
15.36 0.00
11.68 0.00
7.80 0.00
3.66 0.00
-0.89 0.00
-5.26 0.00
-9.31 0.00
-13.12 0.00
-16.73 0.00
-20.17 0.00
-23.46 0.00
-26.59 0.00
-29.59 0.00
-32.46 0.00
-35.21 0.00
-37.84 0.00
-40.35 0.00
-42.75 0.00
-45.04 0.00
-47.23 0.00
-49.31 0.00
-51.29 0.00
-53.18 0.00
-54.96 0.00
-56.66 0.00
-58.25 0.00
-59.76 0.00
-61.17 0.00
-62.50 0.00
-63.73 0.00
-64.87 0.00
-65.93 0.00
-66.90 0.00
-67.79 0.00
-68.58 0.00
-69.30 0.00
-69.92 0.00
-70.47 0.00
-70.93 0.00
-71.30 0.00
-71.59 0.00
-71.80 0.00
-71.92 0.00
-71.97 0.00
-71.92 0.00
-71.80 0.00
-71.59 0.00
-71.29 0.00
-70.92 0.00
-70.46 0.00
-69.91 0.00
-69.28 0.00
-68.57 0.00
-67.77 0.00
-66.88 0.00
-65.91 0.00
-64.85 0.00
-63.70 0.00
-62.47 0.00
-61.14 0.00
-59.73 0.00
-58.22 0.00
-56.62 0.00
-54.92 0.00
-53.14 0.00
-51.25 0.00
-49.26 0.00
-47.18 0.00
-44.99 0.00
-42.69 0.00
-40.29 0.00
-37.78 0.00
-35.15 0.00
-32.40 0.00
-29.53 0.00
-26.52 0.00
-23.38 0.00
-20.10 0.00
-16.65 0.00
-13.03 0.00
-9.22 0.00
-5.17 0.00
-0.79 0.00
3.81 0.00
8.00 0.00
11.94 0.00
15.67 0.00
19.22 0.00
22.61 0.00
25.85 0.00
28.96 0.00
31.93 0.00
34.77 0.00
37.50 0.00
40.11 0.00
42.61 0.00
45.00 0.00
47.28 0.00
49.46 0.00
51.55 0.00
53.53 0.00
55.41 0.00
57.21 0.00
58.90 0.00
60.51 0.00
62.02 0.00
63.45 0.00
64.78 0.00
66.03 0.00
67.19 0.00
68.27 0.00
69.26 0.00
70.16 0.00
70.98 0.00
71.72 0.00
72.37 0.00
72.94 0.00
73.42 0.00
73.83 0.00
74.15 0.00
74.39 0.00
74.55 0.00
74.62 0.00
74.62 0.00
74.53 0.00
74.36 0.00
74.11 0.00
73.77 0.00
73.35 0.00
72.86 0.00
72.27 0.00
71.61 0.00
70.86 0.00
70.03 0.00
69.11 0.00
68.11 0.00
67.02 0.00
65.85 0.00
64.58 0.00
63.23 0.00
61.80 0.00
60.27 0.00
58.65 0.00
56.94 0.00
55.13 0.00
53.23 0.00
51.23 0.00
49.14 0.00
46.94 0.00
44.64 0.00
42.23 0.00
39.72 0.00
37.09 0.00
34.34 0.00
31.48 0.00
28.49 0.00
25.37 0.00
22.10 0.00
18.69 0.00
15.11 0.00
11.35 0.00
7.38 0.00
3.14 0.00
-1.59 0.00
-6.26 0.00
-10.64 0.00
-14.80 0.00
-18.78 0.00
-22.59 0.00
-26.25 0.00
-29.78 0.00
-33.17 0.00
-36.44 0.00
-39.60 0.00
-42.64 0.00
-45.57 0.00
-48.40 0.00
-51.13 0.00
-53.76 0.00
-56.29 0.00
-58.73 0.00
-61.07 0.00
-63.33 0.00
-65.49 0.00
-67.57 0.00
-69.57 0.00
-71.47 0.00
-73.30 0.00
-75.04 0.00
-76.70 0.00
-78.28 0.00
-79.78 0.00
-81.20 0.00
-82.54 0.00
-83.80 0.00
-84.99 0.00
-86.10 0.00
-87.13 0.00
-88.09 0.00
-88.98 0.00
-89.78 0.00
-90.52 0.00
-91.17 0.00
-91.76 0.00
-92.27 0.00
-92.71 0.00
-93.07 0.00
-93.36 0.00
-93.58 0.00
-93.72 0.00
-93.79 0.00
-93.79 0.00
-93.72 0.00
-93.57 0.00
-93.35 0.00
-93.05 0.00
-92.69 0.00
-92.25 0.00
-91.73 0.00
-91.14 0.00
-90.48 0.00
-89.74 0.00
-88.93 0.00
-88.05 0.00
-87.08 0.00
-86.05 0.00
-84.93 0.00
-83.74 0.00
-82.47 0.00
-81.13 0.00
-79.70 0.00
-78.20 0.00
-76.62 0.00
-74.95 0.00
-73.21 0.00
-71.38 0.00
-69.47 0.00
-67.47 0.00
-65.39 0.00
-63.22 0.00
-60.96 0.00
-58.61 0.00
-56.16 0.00
-53.63 0.00
-50.99 0.00
-48.26 0.00
-45.43 0.00
-42.49 0.00
-39.44 0.00
-36.28 0.00
-33.00 0.00
-29.60 0.00
-26.07 0.00
-22.40 0.00
-18.58 0.00
-14.60 0.00
-10.43 0.00
-6.03 0.00
-1.34 0.00
3.46 0.00
7.82 0.00
11.92 0.00
15.81 0.00
19.52 0.00
23.08 0.00
26.48 0.00
29.75 0.00
32.89 0.00
35.91 0.00
38.80 0.00
41.59 0.00
44.26 0.00
46.83 0.00
49.29 0.00
51.66 0.00
53.92 0.00
56.09 0.00
58.17 0.00
60.15 0.00
62.04 0.00
63.84 0.00
65.55 0.00
67.18 0.00
68.72 0.00
70.17 0.00
71.54 0.00
72.83 0.00
74.03 0.00
75.15 0.00
76.19 0.00
77.15 0.00
78.02 0.00
78.82 0.00
79.54 0.00
80.18 0.00
80.74 0.00
81.22 0.00
81.62 0.00
81.94 0.00
82.19 0.00
82.36 0.00
82.45 0.00
82.46 0.00
82.39 0.00
82.25 0.00
82.03 0.00
81.73 0.00
81.35 0.00
80.89 0.00
80.36 0.00
79.75 0.00
79.05 0.00
78.28 0.00
77.43 0.00
76.50 0.00
75.48 0.00
74.39 0.00
73.21 0.00
71.95 0.00
70.61 0.00
69.18 0.00
67.67 0.00
66.07 0.00
64.38 0.00
62.61 0.00
60.75 0.00
58.79 0.00
56.75 0.00
54.61 0.00
52.37 0.00
50.04 0.00
47.61 0.00
45.07 0.00
42.43 0.00
39.68 0.00
36.82 0.00
33.84 0.00
30.74 0.00
27.51 0.00
24.15 0.00
20.64 0.00
16.98 0.00
13.15 0.00
9.12 0.00
4.85 0.00
0.24 0.00
-4.87 0.00
-9.62 0.00
-14.14 0.00
-18.48 0.00
-22.65 0.00
-26.67 0.00
-30.55 0.00
-34.30 0.00
-37.94 0.00
-41.46 0.00
-44.87 0.00
-48.17 0.00
-51.37 0.00
-54.47 0.00
-57.48 0.00
-60.39 0.00
-63.22 0.00
-65.95 0.00
-68.60 0.00
-71.16 0.00
-73.64 0.00
-76.03 0.00
-78.35 0.00
-80.58 0.00
-82.73 0.00
-84.81 0.00
-86.81 0.00
-88.74 0.00
-90.59 0.00
-92.36 0.00
-94.06 0.00
-95.69 0.00
-97.25 0.00
-98.74 0.00
-100.15 0.00
-101.49 0.00
-102.76 0.00
-103.97 0.00
-105.10 0.00
-106.17 0.00
-107.16 0.00
-108.09 0.00
-108.95 0.00
-109.74 0.00
-110.47 0.00
-111.13 0.00
-111.72 0.00
-112.24 0.00
-112.70 0.00
-113.09 0.00
-113.41 0.00
-113.67 0.00
-113.86 0.00
-113.98 0.00
-114.04 0.00
-114.03 0.00
-113.96 0.00
-113.82 0.00
-113.61 0.00
-113.34 0.00
-113.00 0.00
-112.59 0.00
-112.12 0.00
-111.58 0.00
-110.97 0.00
-110.30 0.00
-109.56 0.00
-108.75 0.00
-107.88 0.00
-106.93 0.00
-105.92 0.00
-104.84 0.00
-103.69 0.00
-102.47 0.00
-101.18 0.00
-99.82 0.00
-98.39 0.00
-96.89 0.00
-95.31 0.00
-93.67 0.00
-91.95 0.00
-90.15 0.00
-88.29 0.00
-86.34 0.00
-84.32 0.00
-82.23 0.00
-80.05 0.00
-77.80 0.00
-75.47 0.00
-73.05 0.00
-70.56 0.00
-67.97 0.00
-65.31 0.00
-62.55 0.00
-59.71 0.00
-56.77 0.00
-53.74 0.00
-50.62 0.00
-47.39 0.00
-44.06 0.00
-40.63 0.00
-37.08 0.00
-33.42 0.00
-29.64 0.00
-25.72 0.00
-21.67 0.00
-17.46 0.00
-13.08 0.00
-8.51 0.00
-3.69 0.00
1.57 0.00
6.75 0.00
11.64 0.00
16.32 0.00
20.83 0.00
25.18 0.00
29.39 0.00
33.47 0.00
37.43 0.00
41.27 0.00
45.00 0.00
48.63 0.00
52.15 0.00
55.58 0.00
58.91 0.00
62.15 0.00
65.30 0.00
68.36 0.00
71.34 0.00
74.23 0.00
77.04 0.00
79.77 0.00
82.42 0.00
85.00 0.00
87.50 0.00
89.92 0.00
92.26 0.00
94.54 0.00
96.74 0.00
98.86 0.00
100.92 0.00
102.91 0.00
104.83 0.00
106.67 0.00
108.45 0.00
110.16 0.00
111.81 0.00
113.39 0.00
114.90 0.00
116.34 0.00
117.72 0.00
119.04 0.00
120.29 0.00
121.47 0.00
122.59 0.00
123.65 0.00
124.64 0.00
125.57 0.00
126.44 0.00
127.24 0.00
127.98 0.00
128.66 0.00
129.28 0.00
129.83 0.00
130.33 0.00
130.76 0.00
131.13 0.00
131.43 0.00
131.68 0.00
131.86 0.00
131.98 0.00
132.04 0.00
132.04 0.00
131.98 0.00
131.85 0.00
131.67 0.00
131.42 0.00
131.11 0.00
130.74 0.00
130.31 0.00
129.81 0.00
129.26 0.00
128.64 0.00
127.96 0.00
127.21 0.00
126.41 0.00
125.54 0.00
124.60 0.00
123.61 0.00
122.55 0.00
121.43 0.00
120.24 0.00
118.99 0.00
117.67 0.00
116.29 0.00
114.84 0.00
113.33 0.00
111.75 0.00
110.10 0.00
108.38 0.00
106.60 0.00
104.75 0.00
102.83 0.00
100.84 0.00
98.78 0.00
96.65 0.00
94.45 0.00
92.17 0.00
89.82 0.00
87.40 0.00
84.90 0.00
82.32 0.00
79.67 0.00
76.93 0.00
74.12 0.00
71.22 0.00
68.24 0.00
65.18 0.00
62.02 0.00
58.78 0.00
55.44 0.00
52.01 0.00
48.49 0.00
44.86 0.00
41.12 0.00
37.27 0.00
33.31 0.00
29.23 0.00
25.01 0.00
20.65 0.00
16.14 0.00
11.45 0.00
6.55 0.00
1.36 0.00
-3.96 0.00
-8.86 0.00
-13.52 0.00
-17.99 0.00
-22.28 0.00
-26.43 0.00
-30.44 0.00
-34.33 0.00
-38.09 0.00
-41.73 0.00
-45.27 0.00
-48.70 0.00
-52.04 0.00
-55.27 0.00
-58.41 0.00
-61.45 0.00
-64.41 0.00
-67.27 0.00
-70.06 0.00
-72.75 0.00
-75.37 0.00
-77.90 0.00
-80.35 0.00
-82.72 0.00
-85.02 0.00
-87.24 0.00
-89.38 0.00
-91.45 0.00
-93.44 0.00
-95.36 0.00
-97.21 0.00
-98.99 0.00
-100.69 0.00
-102.33 0.00
-103.89 0.00
-105.39 0.00
-106.81 0.00
-108.17 0.00
-109.46 0.00
-110.69 0.00
-111.84 0.00
-112.93 0.00
-113.95 0.00
-114.91 0.00
-115.80 0.00
-116.62 0.00
-117.38 0.00
-118.08 0.00
-118.71 0.00
-119.27 0.00
-119.77 0.00
-120.20 0.00
-120.57 0.00
-120.88 0.00
-121.12 0.00
-121.30 0.00
-121.41 0.00
-121.46 0.00
-121.44 0.00
-121.36 0.00
-121.22 0.00
-121.01 0.00
-120.74 0.00
-120.40 0.00
-120.00 0.00
-119.53 0.00
-119.00 0.00
-118.41 0.00
-117.75 0.00
-117.02 0.00
-116.23 0.00
-115.37 0.00
-114.45 0.00
-113.46 0.00
-112.41 0.00
-111.29 0.00
-110.10 0.00
-108.84 0.00
-107.52 0.00
-106.13 0.00
-104.67 0.00
-103.14 0.00
-101.54 0.00
-99.87 0.00
-98.13 0.00
-96.32 0.00
-94.43 0.00
-92.48 0.00
-90.45 0.00
-88.34 0.00
-86.16 0.00
-83.91 0.00
-81.58 0.00
-79.16 0.00
-76.67 0.00
-74.10 0.00
-71.45 0.00
-68.71 0.00
-65.89 0.00
-62.98 0.00
-59.98 0.00
-56.89 0.00
-53.71 0.00
-50.43 0.00
-47.05 0.00
-43.56 0.00
-39.97 0.00
-36.27 0.00
-32.45 0.00
-28.51 0.00
-24.43 0.00
-20.21 0.00
-15.83 0.00
-11.27 0.00
-6.50 0.00
-1.45 0.00
3.72 0.00
8.45 0.00
12.93 0.00
17.22 0.00
21.34 0.00
25.30 0.00
29.12 0.00
32.81 0.00
36.38 0.00
39.83 0.00
43.16 0.00
46.39 0.00
49.52 0.00
52.54 0.00
55.47 0.00
58.30 0.00
61.04 0.00
63.69 0.00
66.25 0.00
68.73 0.00
71.11 0.00
73.42 0.00
75.64 0.00
77.78 0.00
79.84 0.00
81.82 0.00
83.73 0.00
85.55 0.00
87.30 0.00
88.98 0.00
90.58 0.00
92.10 0.00
93.55 0.00
94.93 0.00
96.23 0.00
97.47 0.00
98.63 0.00
99.72 0.00
100.74 0.00
101.69 0.00
102.57 0.00
103.38 0.00
104.12 0.00
104.79 0.00
105.39 0.00
105.92 0.00
106.38 0.00
106.78 0.00
107.11 0.00
107.36 0.00
107.55 0.00
107.68 0.00
107.73 0.00
107.71 0.00
107.63 0.00
107.48 0.00
107.26 0.00
106.98 0.00
106.62 0.00
106.20 0.00
105.70 0.00
105.14 0.00
104.51 0.00
103.81 0.00
103.04 0.00
102.20 0.00
101.30 0.00
100.32 0.00
99.27 0.00
98.15 0.00
96.95 0.00
95.69 0.00
94.36 0.00
92.95 0.00
91.46 0.00
