30.90 -95.10
31.34 -94.83
31.70 -94.32
31.98 -93.58
32.18 -92.61
32.30 -91.40
32.34 -89.95
32.29 -88.27
32.15 -86.35
31.93 -84.19
31.61 -81.78
31.20 -79.13
30.69 -76.23
30.07 -73.08
29.36 -69.68
28.53 -66.01
27.59 -62.07
26.52 -57.87
25.33 -53.38
24.00 -48.60
22.52 -43.52
20.88 -38.13
19.06 -32.41
17.03 -26.35
14.77 -19.91
12.20 -13.08
9.23 -5.82
5.61 1.79
1.20 9.09
-3.39 15.63
-7.86 21.56
-12.15 27.00
-16.27 32.02
-20.19 36.68
-23.94 41.00
-27.50 45.01
-30.88 48.73
-34.10 52.18
-37.14 55.37
-40.01 58.31
-42.72 61.00
-45.26 63.46
-47.64 65.70
-49.87 67.71
-51.93 69.51
-53.83 71.09
-55.58 72.47
-57.17 73.64
-58.60 74.61
-59.88 75.38
-61.00 75.96
-61.96 76.34
-62.77 76.53
-63.42 76.52
-63.92 76.33
-64.25 75.95
-64.43 75.37
-64.44 74.61
-64.29 73.67
-63.98 72.53
-63.51 71.21
-62.86 69.70
-62.05 68.00
-61.06 66.11
-59.90 64.03
-58.55 61.76
-57.03 59.29
-55.31 56.63
-53.40 53.77
-51.29 50.71
-48.98 47.44
-46.45 43.97
-43.70 40.29
-40.71 36.38
-37.48 32.26
-33.98 27.91
-30.19 23.32
-26.08 18.49
-21.62 13.41
-16.74 8.07
-11.34 2.49
-5.23 -3.21
1.55 -8.41
8.28 -12.79
14.68 -16.63
20.73 -20.08
26.45 -23.20
31.86 -26.05
36.97 -28.66
41.80 -31.04
46.35 -33.22
50.64 -35.21
54.67 -37.02
58.45 -38.66
61.98 -40.14
65.27 -41.46
68.33 -42.63
71.15 -43.66
73.75 -44.55
76.11 -45.29
78.26 -45.91
80.18 -46.39
81.88 -46.75
83.35 -46.98
84.61 -47.08
85.65 -47.06
86.48 -46.93
87.08 -46.67
87.47 -46.30
87.63 -45.81
87.58 -45.21
87.31 -44.49
86.82 -43.66
86.10 -42.72
85.16 -41.67
83.99 -40.50
82.60 -39.23
80.97 -37.84
79.10 -36.34
76.99 -34.73
74.65 -33.01
72.05 -31.18
69.19 -29.25
66.08 -27.19
62.70 -25.03
59.04 -22.76
55.09 -20.37
50.83 -17.88
46.27 -15.27
41.37 -12.54
36.11 -9.71
30.46 -6.78
24.38 -3.74
17.80 -0.64
10.64 2.49
2.77 5.40
-5.46 7.55
-13.28 9.00
-20.59 10.10
-27.43 10.97
-33.85 11.67
-39.88 12.23
-45.55 12.69
-50.87 13.04
-55.87 13.31
-60.54 13.51
-64.92 13.64
-68.99 13.70
-72.78 13.71
-76.29 13.67
-79.52 13.57
-82.48 13.43
-85.18 13.24
-87.61 13.01
-89.79 12.75
-91.71 12.44
-93.38 12.10
-94.79 11.73
-95.96 11.33
-96.87 10.89
-97.54 10.43
-97.97 9.94
-98.14 9.42
-98.07 8.88
-97.75 8.32
-97.19 7.73
-96.38 7.13
-95.31 6.50
-94.00 5.85
-92.43 5.19
-90.61 4.51
-88.53 3.82
-86.19 3.11
-83.58 2.40
-80.70 1.67
-77.55 0.93
-74.12 0.19
-70.41 -0.55
-66.40 -1.29
-62.09 -2.04
-57.46 -2.77
-52.52 -3.49
-47.23 -4.20
-41.58 -4.88
-35.55 -5.51
-29.11 -6.10
-22.23 -6.60
-14.84 -6.96
-6.88 -7.07
1.63 -6.55
9.93 -5.18
17.58 -3.44
24.64 -1.60
31.20 0.27
37.32 2.13
43.04 3.97
48.39 5.77
53.39 7.53
58.05 9.24
62.40 10.90
66.44 12.51
70.19 14.06
73.65 15.56
76.84 17.00
79.75 18.39
82.39 19.71
84.78 20.98
86.90 22.18
88.78 23.32
90.40 24.40
91.78 25.42
92.91 26.37
93.80 27.25
94.45 28.07
94.86 28.83
95.02 29.51
94.96 30.12
94.65 30.67
94.10 31.14
93.32 31.53
92.30 31.85
91.04 32.10
89.54 32.26
87.80 32.35
85.81 32.35
83.58 32.26
81.11 32.09
78.38 31.83
75.39 31.47
72.15 31.01
68.65 30.45
64.87 29.78
60.83 29.00
56.50 28.10
51.88 27.06
46.96 25.89
41.72 24.57
36.16 23.08
30.26 21.39
23.99 19.49
17.32 17.31
10.24 14.77
2.72 11.69
-4.96 7.76
-12.11 3.08
-18.50 -1.71
-24.33 -6.38
-29.72 -10.90
-34.72 -15.25
-39.36 -19.44
-43.69 -23.46
-47.70 -27.32
-51.44 -31.01
-54.90 -34.55
-58.10 -37.94
-61.06 -41.16
-63.77 -44.23
-66.24 -47.15
-68.49 -49.92
-70.52 -52.54
-72.32 -55.00
-73.91 -57.32
-75.29 -59.49
-76.46 -61.51
-77.43 -63.37
-78.20 -65.09
-78.76 -66.66
-79.13 -68.08
-79.29 -69.35
-79.27 -70.46
-79.05 -71.42
-78.63 -72.23
-78.03 -72.89
-77.23 -73.38
-76.23 -73.72
-75.05 -73.90
-73.67 -73.91
-72.10 -73.76
-70.34 -73.43
-68.38 -72.94
-66.23 -72.27
-63.88 -71.42
-61.34 -70.39
-58.59 -69.16
-55.64 -67.74
-52.49 -66.12
-49.13 -64.29
-45.56 -62.24
-41.77 -59.96
-37.77 -57.43
-33.55 -54.65
-29.11 -51.59
-24.44 -48.24
-19.54 -44.56
-14.41 -40.52
-9.07 -36.08
-3.52 -31.19
2.20 -25.80
8.03 -19.86
13.99 -13.52
19.72 -7.10
24.98 -0.64
29.70 5.79
33.94 12.09
37.75 18.20
41.20 24.09
44.32 29.77
47.15 35.24
49.70 40.50
51.99 45.54
54.03 50.38
55.83 55.02
57.40 59.45
58.76 63.67
59.89 67.69
60.82 71.51
61.55 75.13
62.08 78.55
62.41 81.76
62.56 84.77
62.52 87.58
62.31 90.19
61.91 92.59
61.34 94.78
60.60 96.77
59.69 98.55
58.61 100.12
57.37 101.48
55.97 102.62
54.42 103.55
52.71 104.26
50.84 104.74
48.83 105.00
46.66 105.03
44.35 104.83
41.90 104.39
39.30 103.72
36.56 102.80
33.68 101.63
30.67 100.20
27.52 98.52
24.23 96.57
20.80 94.35
17.24 91.85
13.54 89.07
9.71 85.98
5.74 82.59
1.63 78.88
-2.62 74.83
-7.00 70.42
-11.51 65.62
-16.13 60.42
-20.85 54.77
-25.61 48.67
-30.42 42.16
-35.34 35.50
-40.09 29.01
-44.51 22.60
-48.60 16.23
-52.36 9.89
-55.77 3.57
-58.82 -2.73
-61.51 -8.98
-63.83 -15.17
-65.78 -21.26
-67.36 -27.25
-68.59 -33.11
-69.45 -38.81
-69.97 -44.34
-70.16 -49.67
-70.03 -54.79
-69.59 -59.68
-68.87 -64.33
-67.88 -68.72
-66.64 -72.85
-65.17 -76.71
-63.48 -80.30
-61.59 -83.62
-59.51 -86.67
-57.25 -89.45
-54.82 -91.97
-52.21 -94.21
-49.45 -96.18
-46.54 -97.88
-43.48 -99.31
-40.27 -100.47
-36.93 -101.34
-33.45 -101.94
-29.85 -102.25
-26.12 -102.27
-22.27 -101.99
-18.31 -101.42
-14.25 -100.52
-10.09 -99.32
-5.84 -97.78
-1.52 -95.89
2.85 -93.66
7.27 -91.06
11.68 -88.10
16.08 -84.75
20.40 -81.04
24.63 -76.98
28.72 -72.59
32.67 -67.89
36.46 -62.91
40.08 -57.64
43.48 -52.10
46.64 -46.29
49.49 -40.23
51.99 -33.99
54.12 -27.63
55.87 -21.19
57.24 -14.72
58.23 -8.25
58.83 -1.82
59.06 4.51
58.92 10.72
58.44 16.77
57.65 22.63
56.56 28.29
55.21 33.74
53.59 38.99
51.73 44.01
49.63 48.81
47.30 53.39
44.75 57.72
41.98 61.82
38.99 65.65
35.79 69.22
32.38 72.49
28.78 75.45
24.99 78.06
21.06 80.29
17.01 82.14
12.87 83.58
8.69 84.61
4.49 85.24
0.29 85.46
-3.89 85.28
-8.03 84.70
-12.11 83.72
-16.12 82.34
-20.03 80.56
-23.81 78.37
-27.45 75.78
-30.91 72.79
-34.15 69.41
-37.11 65.65
-39.74 61.56
-41.99 57.21
-43.86 52.69
-45.37 48.07
-46.54 43.40
-47.40 38.70
-47.98 34.00
-48.29 29.28
-48.33 24.58
-48.12 19.87
-47.64 15.19
-46.89 10.53
-45.85 5.91
-44.52 1.37
-42.88 -3.06
-40.94 -7.33
-38.73 -11.39
-36.28 -15.21
-33.62 -18.78
-30.79 -22.08
-27.80 -25.12
-24.69 -27.90
-21.47 -30.40
-18.16 -32.65
-14.78 -34.63
-11.35 -36.36
-7.89 -37.84
-4.41 -39.07
-0.93 -40.08
2.53 -40.87
5.97 -41.46
9.35 -41.86
12.67 -42.10
15.90 -42.22
18.99 -42.25
21.86 -42.24
24.40 -42.18
26.48 -42.00
28.08 -41.64
29.17 -41.08
29.72 -40.37
29.79 -39.63
29.50 -38.96
29.00 -38.36
28.35 -37.79
27.60 -37.21
26.76 -36.58
25.82 -35.90
24.79 -35.14
23.68 -34.31
22.47 -33.39
21.17 -32.39
19.76 -31.29
18.25 -30.11
16.63 -28.85
14.90 -27.50
13.04 -26.10
11.06 -24.64
8.96 -23.15
6.75 -21.67
4.47 -20.20
2.16 -18.77
-0.14 -17.37
-2.39 -15.96
-4.59 -14.51
-6.75 -13.00
-8.95 -11.42
-11.24 -9.91
-13.53 -8.62
-15.71 -7.57
-17.71 -6.71
-19.52 -6.02
-21.11 -5.47
-22.47 -5.04
-23.60 -4.70
-24.47 -4.45
-25.08 -4.26
-25.43 -4.13
-25.48 -4.03
-25.23 -3.96
-24.65 -3.87
-23.72 -3.72
-22.42 -3.42
-20.88 -2.80
-19.33 -1.88
-17.85 -0.74
-16.44 0.53
-15.07 1.93
-13.74 3.44
-12.43 5.07
-11.13 6.81
-9.81 8.67
-8.46 10.68
-7.04 12.84
-5.51 15.15
-3.78 17.61
-1.80 20.10
0.42 22.51
2.79 24.81
5.25 27.03
7.75 29.21
10.20 31.36
12.50 33.48
14.60 35.53
16.46 37.45
18.09 39.21
19.48 40.78
20.65 42.15
21.60 43.31
22.33 44.25
22.85 44.95
23.17 45.43
23.28 45.65
23.19 45.63
22.89 45.34
22.39 44.79
21.67 43.95
20.74 42.82
19.60 41.37
18.22 39.58
16.60 37.40
14.72 34.72
12.57 31.61
10.19 28.54
8.11 25.64
6.18 22.86
4.36 20.18
2.62 17.56
0.94 14.99
-0.68 12.45
-2.25 9.94
-3.78 7.43
-5.28 4.91
-6.74 2.39
-8.16 -0.17
-9.55 -2.76
-10.92 -5.41
-12.24 -8.12
-13.53 -10.91
-14.77 -13.80
-15.94 -16.82
-17.03 -19.99
-17.99 -23.34
-18.74 -26.88
-19.16 -30.61
-19.13 -34.38
-18.63 -38.03
-17.72 -41.42
-16.50 -44.48
-15.02 -47.22
-13.33 -49.63
-11.45 -51.70
-9.39 -53.46
-7.18 -54.89
-4.81 -55.99
-2.30 -56.78
0.35 -57.23
3.13 -57.34
6.05 -57.09
9.08 -56.46
12.20 -55.41
15.32 -53.88
18.30 -51.89
21.05 -49.57
23.57 -46.98
25.87 -44.18
27.97 -41.18
29.86 -38.00
31.57 -34.63
33.07 -31.10
34.38 -27.41
35.49 -23.57
36.38 -19.59
37.07 -15.52
37.56 -11.36
37.85 -7.14
37.98 -2.89
37.96 1.39
37.81 5.68
37.57 10.00
37.26 14.33
36.89 18.69
36.50 23.09
36.16 27.54
35.99 31.98
35.84 36.01
35.35 39.60
34.49 42.87
33.28 45.85
31.72 48.56
29.83 50.99
27.62 53.13
25.08 54.97
22.25 56.49
19.14 57.65
15.78 58.46
12.22 58.90
8.47 58.96
4.56 58.66
0.49 57.98
-3.72 56.93
-8.06 55.49
-12.53 53.63
-17.08 51.27
-21.47 48.44
-25.60 45.38
-29.54 42.18
-33.34 38.84
-37.02 35.37
-40.60 31.77
-44.10 28.04
-47.53 24.18
-50.91 20.19
-54.27 16.07
-57.64 11.85
-61.11 7.56
-64.66 3.46
-67.95 -0.28
-70.83 -3.79
-73.28 -7.15
-75.33 -10.39
-76.98 -13.52
-78.25 -16.54
-79.13 -19.46
-79.64 -22.28
-79.78 -24.99
-79.55 -27.58
-78.95 -30.06
-78.01 -32.41
-76.71 -34.63
-75.06 -36.71
-73.07 -38.63
-70.75 -40.40
-68.10 -42.00
-65.13 -43.43
-61.84 -44.67
-58.25 -45.73
-54.35 -46.58
-50.16 -47.23
-45.67 -47.66
-40.89 -47.86
-35.83 -47.82
-30.48 -47.52
-24.86 -46.93
-18.99 -46.02
-12.89 -44.78
-6.60 -43.17
-0.16 -41.18
6.42 -38.83
13.10 -36.07
19.85 -32.89
26.51 -29.28
32.95 -25.44
39.27 -21.49
45.56 -17.45
52.05 -13.44
58.23 -9.63
63.88 -5.93
69.06 -2.30
73.83 1.27
78.19 4.80
82.17 8.26
85.79 11.68
89.05 15.03
91.96 18.33
94.53 21.57
96.77 24.74
98.68 27.85
100.26 30.88
101.52 33.83
102.47 36.71
103.10 39.50
103.42 42.20
103.44 44.80
103.15 47.30
102.56 49.69
101.66 51.97
100.47 54.12
98.99 56.14
97.22 58.01
95.16 59.74
92.82 61.31
90.20 62.72
87.31 63.94
84.15 64.98
80.72 65.81
77.04 66.44
73.11 66.85
68.95 67.02
64.55 66.94
59.93 66.61
55.10 66.01
50.07 65.13
44.86 63.95
39.48 62.46
33.96 60.65
28.32 58.51
22.58 56.03
16.77 53.21
10.90 50.05
5.01 46.55
-0.89 42.72
-6.78 38.55
-12.66 34.04
-18.52 29.19
-24.35 23.95
-30.07 18.26
-35.45 12.23
-40.47 6.08
-45.14 -0.20
-49.38 -6.56
-53.16 -12.91
-56.49 -19.18
-59.39 -25.34
-61.91 -31.35
-64.05 -37.19
-65.84 -42.85
-67.29 -48.32
-68.43 -53.58
-69.27 -58.62
-69.82 -63.43
-70.10 -68.01
-70.12 -72.35
-69.90 -76.43
-69.45 -80.26
-68.78 -83.83
-67.90 -87.14
-66.83 -90.17
-65.57 -92.93
-64.14 -95.41
-62.55 -97.60
-60.81 -99.51
-58.92 -101.14
-56.90 -102.46
-54.76 -103.50
-52.50 -104.23
-50.14 -104.67
-47.68 -104.79
-45.14 -104.62
-42.52 -104.13
-39.83 -103.33
-37.09 -102.21
-34.30 -100.78
-31.47 -99.03
-28.62 -96.96
-25.74 -94.57
-22.86 -91.85
-19.98 -88.81
-17.11 -85.44
-14.27 -81.75
-11.45 -77.72
-8.68 -73.37
-5.95 -68.70
-3.29 -63.69
-0.69 -58.37
1.82 -52.72
4.25 -46.75
6.58 -40.48
8.80 -33.91
10.91 -27.07
12.90 -19.98
14.77 -12.70
16.49 -5.33
18.05 2.03
19.41 9.29
20.55 16.39
21.47 23.27
22.14 29.91
22.56 36.26
22.75 42.28
22.74 47.93
22.55 53.22
22.23 58.12
21.78 62.65
21.24 66.80
20.61 70.59
19.92 74.01
19.18 77.07
18.40 79.77
17.59 82.13
16.76 84.14
15.93 85.81
15.09 87.14
14.26 88.14
13.45 88.81
12.65 89.15
11.89 89.17
11.16 88.87
10.46 88.26
9.82 87.33
9.22 86.09
8.68 84.54
8.21 82.69
7.80 80.53
7.47 78.07
7.22 75.32
7.06 72.27
7.00 68.92
7.04 65.29
7.19 61.37
7.48 57.18
7.90 52.71
8.49 47.99
9.27 43.03
10.29 37.87
11.61 32.61
13.16 27.50
14.68 22.65
16.05 17.99
17.24 13.48
18.25 9.11
19.07 4.87
19.71 0.77
20.15 -3.19
20.41 -7.01
20.47 -10.68
20.33 -14.19
20.01 -17.55
19.49 -20.75
18.79 -23.80
17.89 -26.69
16.82 -29.42
15.56 -32.01
14.13 -34.46
12.52 -36.79
10.72 -39.02
8.73 -41.18
6.50 -43.39
4.28 -44.62
2.13 -45.29
0.01 -45.51
-2.12 -45.31
-4.27 -44.72
-6.45 -43.75
-8.69 -42.42
-11.00 -40.74
-13.42 -38.72
-15.99 -36.39
-18.77 -33.81
-21.77 -31.20
-24.67 -28.72
-27.33 -26.22
-29.78 -23.65
-32.06 -21.01
-34.19 -18.30
-36.18 -15.57
-38.05 -12.86
-39.78 -10.18
-41.36 -7.57
-42.75 -5.03
-43.95 -2.58
-44.95 -0.22
-45.73 2.06
-46.28 4.25
-46.61 6.36
-46.70 8.39
-46.55 10.33
-46.16 12.19
-45.52 13.96
-44.64 15.65
-43.52 17.25
-42.14 18.77
-40.52 20.19
-38.65 21.52
-36.53 22.75
-34.17 23.87
-31.57 24.89
-28.75 25.79
-25.70 26.58
-22.44 27.25
-18.99 27.82
-15.36 28.29
-11.56 28.67
-7.61 28.99
-3.52 29.27
0.69 29.56
5.00 29.89
9.33 30.30
13.62 30.77
17.82 31.24
21.89 31.80
25.55 32.41
28.76 32.88
31.55 33.14
33.99 33.17
36.11 32.96
37.92 32.49
39.45 31.77
40.73 30.79
41.75 29.55
42.55 28.04
43.14 26.25
43.55 24.17
43.83 21.80
44.07 19.16
44.34 16.42
44.55 13.73
44.63 11.14
44.51 8.62
44.18 6.16
43.63 3.76
42.85 1.41
41.84 -0.91
40.61 -3.18
39.14 -5.42
37.44 -7.61
35.51 -9.76
33.36 -11.86
30.98 -13.91
28.39 -15.90
25.60 -17.83
22.63 -19.68
19.50 -21.46
16.23 -23.16
12.84 -24.80
9.38 -26.39
5.85 -27.93
2.28 -29.46
-1.30 -30.98
-4.87 -32.51
-8.42 -34.04
-11.92 -35.59
-15.40 -37.12
-18.90 -38.64
-22.17 -40.33
-24.83 -41.79
-27.04 -42.97
-28.86 -43.87
-30.34 -44.49
-31.52 -44.81
-32.43 -44.85
-33.08 -44.60
-33.49 -44.07
-33.68 -43.27
-33.66 -42.20
-33.44 -40.85
-33.04 -39.24
-32.46 -37.36
-31.72 -35.23
-30.84 -32.84
-29.81 -30.20
-28.66 -27.31
-27.41 -24.18
-26.08 -20.82
-24.69 -17.26
-23.29 -13.52
-21.89 -9.65
-20.52 -5.73
-19.16 -1.81
-17.80 2.06
-16.41 5.84
-14.98 9.52
-13.51 13.08
