30.90 95.10
30.39 95.14
29.80 94.94
29.13 94.51
28.40 93.84
27.59 92.93
26.71 91.78
25.76 90.39
24.74 88.76
23.65 86.88
22.50 84.75
21.27 82.36
19.98 79.72
18.63 76.81
17.21 73.63
15.72 70.18
14.17 66.44
12.56 62.41
10.88 58.08
9.15 53.44
7.36 48.46
5.52 43.13
3.63 37.44
1.71 31.34
-0.24 24.80
-2.19 17.77
-4.05 10.15
-5.59 1.86
-6.32 -6.64
-6.45 -14.63
-6.32 -22.05
-6.04 -28.98
-5.66 -35.46
-5.22 -41.54
-4.74 -47.24
-4.21 -52.58
-3.66 -57.58
-3.09 -62.26
-2.51 -66.63
-1.91 -70.70
-1.30 -74.47
-0.69 -77.96
-0.08 -81.17
0.53 -84.10
1.15 -86.77
1.76 -89.17
2.36 -91.31
2.96 -93.20
3.54 -94.83
4.12 -96.20
4.69 -97.33
5.25 -98.21
5.79 -98.83
6.32 -99.21
6.83 -99.35
7.33 -99.24
7.81 -98.88
8.27 -98.27
8.70 -97.42
9.12 -96.32
9.51 -94.97
9.88 -93.37
10.22 -91.52
10.53 -89.41
10.81 -87.04
11.06 -84.42
11.28 -81.52
11.45 -78.36
11.59 -74.93
11.69 -71.21
11.73 -67.21
11.73 -62.91
11.67 -58.32
11.55 -53.40
11.35 -48.17
11.08 -42.59
10.71 -36.65
10.23 -30.33
9.61 -23.59
8.80 -16.40
7.72 -8.71
6.12 -0.50
3.69 7.70
0.82 15.20
-2.09 22.08
-4.96 28.43
-7.75 34.32
-10.45 39.81
-13.05 44.93
-15.55 49.70
-17.95 54.14
-20.25 58.28
-22.45 62.12
-24.54 65.67
-26.53 68.95
-28.41 71.96
-30.19 74.71
-31.87 77.21
-33.45 79.45
-34.92 81.45
-36.29 83.21
-37.56 84.74
-38.73 86.03
-39.79 87.08
-40.74 87.91
-41.59 88.52
-42.33 88.89
-42.97 89.04
-43.50 88.97
-43.92 88.68
-44.23 88.17
-44.43 87.43
-44.52 86.47
-44.50 85.29
-44.35 83.88
-44.09 82.26
-43.71 80.40
-43.21 78.32
-42.58 76.02
-41.82 73.48
-40.93 70.71
-39.90 67.70
-38.73 64.45
-37.42 60.96
-35.95 57.22
-34.32 53.23
-32.53 48.98
-30.56 44.46
-28.40 39.66
-26.03 34.57
-23.44 29.18
-20.60 23.48
-17.46 17.45
-13.97 11.06
-10.02 4.31
-5.35 -2.69
0.04 -9.28
5.50 -15.07
10.76 -20.27
15.78 -25.01
20.55 -29.37
25.09 -33.39
29.40 -37.10
33.49 -40.54
37.35 -43.71
41.01 -46.64
44.46 -49.33
47.71 -51.79
50.76 -54.04
53.62 -56.08
56.28 -57.92
58.75 -59.56
61.03 -61.01
63.12 -62.27
65.02 -63.35
66.74 -64.24
68.28 -64.96
69.63 -65.51
70.80 -65.88
71.79 -66.08
72.59 -66.11
73.21 -65.97
73.64 -65.66
73.89 -65.19
73.96 -64.56
73.83 -63.76
73.52 -62.80
73.02 -61.67
72.32 -60.38
71.43 -58.93
70.35 -57.32
69.06 -55.54
67.57 -53.59
65.87 -51.48
63.96 -49.21
61.83 -46.76
59.48 -44.14
56.90 -41.36
54.08 -38.40
51.02 -35.26
47.69 -31.94
44.10 -28.44
40.23 -24.75
36.05 -20.88
31.53 -16.80
26.66 -12.53
21.37 -8.06
15.60 -3.40
9.21 1.39
2.02 6.00
-5.48 9.81
-12.64 12.94
-19.39 15.66
-25.75 18.06
-31.75 20.21
-37.40 22.15
-42.73 23.89
-47.76 25.46
-52.48 26.88
-56.92 28.15
-61.08 29.28
-64.97 30.28
-68.60 31.15
-71.96 31.91
-75.07 32.55
-77.93 33.09
-80.54 33.51
-82.91 33.84
-85.04 34.06
-86.93 34.19
-88.58 34.23
-89.99 34.17
-91.17 34.01
-92.11 33.77
-92.82 33.45
-93.29 33.03
-93.53 32.54
-93.53 31.95
-93.30 31.29
-92.84 30.54
-92.13 29.72
-91.19 28.81
-90.01 27.83
-88.58 26.77
-86.91 25.63
-84.99 24.41
-82.81 23.12
-80.38 21.75
-77.69 20.31
-74.73 18.79
-71.49 17.20
-67.98 15.54
-64.17 13.81
-60.07 12.00
-55.66 10.13
-50.92 8.18
-45.85 6.18
-40.41 4.11
-34.58 1.99
-28.32 -0.17
-21.59 -2.35
-14.31 -4.51
-6.36 -6.49
2.18 -7.80
10.52 -8.25
18.29 -8.26
25.53 -8.04
32.30 -7.69
38.66 -7.23
44.61 -6.70
50.20 -6.10
55.44 -5.46
60.35 -4.78
64.93 -4.07
69.20 -3.33
73.18 -2.56
76.85 -1.78
80.25 -0.98
83.36 -0.17
86.19 0.66
88.75 1.49
91.04 2.33
93.07 3.17
94.84 4.02
96.34 4.87
97.59 5.71
98.58 6.56
99.31 7.40
99.79 8.24
100.02 9.07
99.99 9.90
99.70 10.71
99.16 11.52
98.37 12.31
97.32 13.09
96.01 13.85
94.44 14.60
92.60 15.33
90.50 16.04
88.14 16.73
85.50 17.39
82.58 18.03
79.38 18.63
75.88 19.21
72.10 19.74
68.00 20.24
63.59 20.69
58.84 21.08
53.75 21.41
48.28 21.65
42.39 21.78
36.06 21.71
29.30 21.28
22.28 20.36
15.15 18.97
7.99 17.13
0.84 14.86
-6.20 12.22
-13.08 9.32
-19.76 6.42
-25.88 3.64
-31.36 0.85
-36.31 -1.94
-40.77 -4.72
-44.78 -7.47
-48.38 -10.19
-51.57 -12.86
-54.39 -15.48
-56.83 -18.04
-58.90 -20.54
-60.61 -22.98
-61.97 -25.34
-62.96 -27.62
-63.59 -29.80
-63.84 -31.87
-63.72 -33.79
-63.22 -35.53
-62.34 -37.04
-61.12 -38.22
-59.66 -39.02
-58.05 -39.44
-56.38 -39.49
-54.68 -39.21
-52.98 -38.63
-51.30 -37.77
-49.65 -36.66
-48.02 -35.31
-46.44 -33.74
-44.89 -31.94
-43.38 -29.92
-41.93 -27.69
-40.53 -25.26
-39.20 -22.62
-37.94 -19.78
-36.77 -16.74
-35.70 -13.49
-34.77 -10.05
-34.00 -6.43
-33.44 -2.66
-33.12 1.20
-33.03 5.08
-33.17 8.91
-33.51 12.65
-34.01 16.28
-34.67 19.77
-35.47 23.10
-36.39 26.19
-37.35 28.96
-38.19 31.38
-38.77 33.51
-39.06 35.43
-39.01 37.19
-38.61 38.83
-37.84 40.39
-36.62 41.89
-34.87 43.11
-32.85 43.81
-30.72 44.10
-28.48 44.04
-26.13 43.66
-23.66 43.00
-21.07 42.05
-18.34 40.83
-15.47 39.36
-12.46 37.62
-9.30 35.64
-5.99 33.39
-2.51 30.88
1.12 28.10
4.90 25.03
8.81 21.64
12.79 17.93
16.77 13.93
20.79 9.74
25.01 5.60
29.30 1.86
33.48 -1.47
37.50 -4.44
41.32 -7.05
44.90 -9.33
48.21 -11.32
51.22 -13.05
53.93 -14.56
56.32 -15.88
58.40 -17.03
60.17 -18.03
61.63 -18.91
62.80 -19.67
63.67 -20.33
64.25 -20.90
64.55 -21.40
64.56 -21.82
64.29 -22.18
63.76 -22.49
62.95 -22.75
61.88 -22.97
60.54 -23.16
58.95 -23.33
57.10 -23.48
55.00 -23.63
52.66 -23.78
50.08 -23.94
47.28 -24.14
44.25 -24.37
41.03 -24.67
37.63 -25.05
34.10 -25.52
30.50 -26.09
26.88 -26.74
23.31 -27.41
19.80 -28.05
16.37 -28.62
13.02 -29.09
9.75 -29.44
6.56 -29.66
3.48 -29.72
0.53 -29.61
-2.24 -29.32
-4.78 -28.83
-6.97 -28.18
-8.75 -27.50
-10.16 -26.94
-11.29 -26.55
-12.19 -26.28
-12.89 -26.13
-13.38 -26.05
-13.68 -26.00
-13.78 -25.97
-13.69 -25.90
-13.40 -25.76
-12.94 -25.51
-12.30 -25.12
-11.50 -24.55
-10.55 -23.77
-9.46 -22.75
-8.23 -21.49
-6.86 -19.98
-5.34 -18.22
-3.67 -16.25
-1.85 -14.10
0.09 -11.80
2.12 -9.38
4.22 -6.86
6.34 -4.27
8.46 -1.61
10.53 1.10
12.55 3.84
14.47 6.61
16.27 9.39
17.93 12.18
19.43 14.94
20.75 17.68
21.88 20.38
22.81 23.01
23.52 25.56
24.00 28.01
24.25 30.35
24.26 32.55
24.03 34.61
23.56 36.49
22.84 38.19
21.87 39.68
20.65 40.95
19.17 41.98
17.44 42.75
15.43 43.24
13.14 43.41
10.54 43.24
7.51 42.71
4.02 42.14
0.40 41.70
-3.28 41.27
-6.98 40.78
-10.70 40.19
-14.42 39.44
-18.12 38.51
-21.76 37.37
-25.32 36.00
-28.73 34.40
-31.99 32.57
-35.04 30.51
-37.87 28.24
-40.46 25.77
-42.79 23.12
-44.86 20.30
-46.65 17.32
-48.15 14.19
-49.36 10.92
-50.25 7.51
-50.81 3.98
-51.02 0.34
-50.85 -3.37
-50.27 -7.10
-49.28 -10.78
-47.93 -14.34
-46.25 -17.74
-44.30 -20.98
-42.08 -24.06
-39.61 -26.97
-36.90 -29.72
-33.95 -32.31
-30.77 -34.72
-27.34 -36.96
-23.67 -39.00
-19.76 -40.83
-15.60 -42.42
-11.22 -43.75
-6.63 -44.77
-1.87 -45.45
3.01 -45.76
7.94 -45.70
12.88 -45.28
17.77 -44.53
22.61 -43.47
27.35 -42.12
32.01 -40.51
36.59 -38.64
41.09 -36.51
45.48 -34.03
49.55 -31.15
53.17 -28.02
56.32 -24.73
59.03 -21.35
61.33 -17.91
63.24 -14.43
64.77 -10.93
65.93 -7.43
66.73 -3.93
67.19 -0.45
67.32 3.02
67.11 6.46
66.58 9.87
65.72 13.24
64.54 16.56
63.04 19.83
61.22 23.04
59.07 26.19
56.60 29.27
53.79 32.27
50.63 35.17
47.12 37.95
43.24 40.59
38.98 43.03
34.35 45.22
29.40 47.09
24.17 48.60
18.70 49.74
13.05 50.47
7.26 50.76
1.42 50.62
-4.39 50.05
-10.11 49.11
-15.71 47.86
-21.19 46.34
-26.57 44.57
-31.86 42.57
-37.07 40.34
-42.24 37.87
-47.41 35.08
-52.29 31.87
-56.58 28.52
-60.40 25.13
-63.78 21.73
-66.75 18.31
-69.33 14.89
-71.52 11.48
-73.34 8.09
-74.78 4.73
-75.86 1.41
-76.59 -1.85
-76.96 -5.06
-76.99 -8.19
-76.69 -11.24
-76.06 -14.20
-75.11 -17.07
-73.84 -19.83
-72.27 -22.48
-70.39 -25.02
-68.21 -27.43
-65.73 -29.72
-62.96 -31.88
-59.89 -33.90
-56.53 -35.78
-52.88 -37.50
-48.94 -39.07
-44.69 -40.46
-40.15 -41.67
-35.31 -42.68
-30.17 -43.47
-24.72 -44.01
-18.97 -44.25
-12.96 -44.14
-6.74 -43.59
-0.47 -42.55
5.65 -41.04
11.53 -39.19
17.19 -37.07
22.64 -34.75
27.91 -32.24
33.02 -29.56
38.00 -26.71
42.91 -23.67
47.95 -20.37
52.73 -17.09
57.03 -13.92
60.91 -10.84
64.41 -7.84
67.55 -4.91
70.32 -2.06
72.75 0.72
74.84 3.42
76.60 6.05
78.02 8.58
79.11 11.03
79.88 13.38
80.32 15.62
80.43 17.76
80.22 19.77
79.68 21.66
78.82 23.41
77.64 25.02
76.13 26.47
74.30 27.75
72.14 28.86
69.67 29.78
66.87 30.51
63.74 31.03
60.29 31.34
56.50 31.42
52.35 31.26
47.84 30.86
42.90 30.20
37.41 29.33
31.51 28.67
25.58 28.22
19.63 27.87
13.63 27.58
7.56 27.33
1.40 27.13
-4.90 26.98
-11.40 26.98
-17.66 27.09
-23.60 27.03
-29.30 26.80
-34.79 26.35
-40.06 25.65
-45.00 24.66
-49.45 23.49
-53.41 22.28
-56.92 21.09
-60.02 19.93
-62.72 18.81
-65.05 17.75
-67.01 16.73
-68.61 15.77
-69.84 14.87
-70.72 14.02
-71.22 13.24
-71.36 12.52
-71.12 11.86
-70.47 11.28
-69.41 10.75
-67.89 10.29
-65.84 9.83
-63.25 9.14
-60.47 8.04
-57.66 6.70
-54.81 5.17
-51.91 3.52
-48.93 1.74
-45.87 -0.12
-42.71 -2.07
-39.43 -4.08
-36.02 -6.14
-32.48 -8.21
-28.79 -10.28
-24.95 -12.31
-20.99 -14.25
-16.92 -16.10
-12.79 -17.82
-8.61 -19.43
-4.40 -20.93
-0.18 -22.33
4.06 -23.64
8.32 -24.88
12.62 -26.06
16.98 -27.21
21.50 -28.35
26.22 -29.09
30.50 -29.50
34.43 -29.65
38.02 -29.55
41.29 -29.21
44.23 -28.65
46.82 -27.85
49.03 -26.83
50.82 -25.62
52.17 -24.26
53.03 -22.79
53.40 -21.27
53.28 -19.74
52.65 -18.22
51.46 -16.74
49.55 -15.21
47.42 -13.43
45.32 -11.54
43.21 -9.58
41.04 -7.55
38.81 -5.47
36.50 -3.35
34.10 -1.18
31.60 1.02
28.99 3.26
26.26 5.54
23.41 7.84
20.42 10.16
17.27 12.51
13.96 14.85
10.46 17.19
6.75 19.48
2.83 21.66
-1.27 23.67
-5.47 25.45
-9.68 27.02
-13.87 28.41
-18.04 29.65
-22.19 30.77
-26.36 31.77
-30.57 32.65
-34.88 33.37
-39.24 33.71
-43.35 33.62
-47.10 33.24
-50.50 32.63
-53.55 31.83
-56.29 30.86
-58.70 29.73
-60.81 28.46
-62.62 27.05
-64.13 25.50
-65.34 23.83
-66.25 22.03
-66.86 20.11
-67.17 18.07
-67.18 15.92
-66.88 13.65
-66.27 11.28
-65.32 8.80
-64.03 6.21
-62.37 3.53
-60.31 0.78
-57.81 -2.02
-54.84 -4.79
-51.39 -7.46
-47.47 -9.92
-43.15 -12.12
-38.48 -13.99
-33.56 -15.51
-28.51 -16.70
-23.37 -17.64
-18.15 -18.39
-12.82 -18.95
-7.36 -19.30
-1.80 -19.39
3.79 -19.18
9.30 -18.70
14.69 -18.01
19.96 -17.17
25.15 -16.19
30.28 -15.08
35.39 -13.83
40.50 -12.38
45.52 -10.58
50.17 -8.47
54.39 -6.21
58.22 -3.88
61.68 -1.49
64.80 0.94
67.60 3.41
70.08 5.90
72.26 8.41
74.15 10.94
75.75 13.50
77.06 16.06
78.11 18.65
78.87 21.25
79.37 23.86
79.61 26.49
79.57 29.13
79.27 31.79
78.70 34.46
77.87 37.16
76.76 39.87
75.37 42.62
73.68 45.41
71.67 48.24
69.26 51.13
66.34 53.90
63.04 56.24
59.56 58.18
55.94 59.74
52.19 60.97
48.31 61.86
44.32 62.44
40.20 62.69
35.98 62.61
31.64 62.20
27.20 61.45
22.66 60.35
18.03 58.88
13.33 57.04
8.58 54.80
3.81 52.14
-0.93 49.05
-5.59 45.53
-10.09 41.60
-14.37 37.32
-18.42 32.75
-22.22 27.94
-25.78 22.92
-29.10 17.71
-32.19 12.33
-35.03 6.76
-37.61 1.01
-39.88 -4.90
-41.82 -10.95
-43.41 -17.09
-44.67 -23.30
-45.61 -29.57
-46.24 -35.90
-46.62 -42.33
-46.92 -48.88
-47.32 -55.28
-47.72 -61.34
-48.06 -67.05
-48.32 -72.44
-48.48 -77.51
-48.55 -82.27
-48.52 -86.73
-48.40 -90.90
-48.19 -94.77
-47.88 -98.36
-47.48 -101.66
-46.99 -104.68
-46.42 -107.42
-45.76 -109.88
-45.02 -112.06
-44.20 -113.97
-43.30 -115.59
-42.32 -116.94
-41.26 -118.00
-40.13 -118.79
-38.92 -119.29
-37.64 -119.51
-36.29 -119.44
-34.87 -119.09
-33.37 -118.44
-31.81 -117.50
-30.18 -116.25
-28.48 -114.71
-26.71 -112.86
-24.87 -110.70
-22.98 -108.22
-21.01 -105.42
-18.99 -102.28
-16.91 -98.81
-14.77 -95.00
-12.58 -90.83
-10.34 -86.30
-8.05 -81.40
-5.71 -76.11
-3.34 -70.42
-0.94 -64.32
1.50 -57.78
3.98 -50.76
6.52 -43.19
8.88 -36.08
10.96 -29.04
12.83 -21.98
14.49 -14.90
15.95 -7.80
17.23 -0.69
18.34 6.38
19.30 13.39
20.12 20.28
20.81 27.01
21.40 33.53
21.88 39.81
22.28 45.83
22.59 51.55
22.83 56.98
22.99 62.10
23.08 66.91
23.10 71.40
23.05 75.57
22.94 79.42
22.76 82.95
22.52 86.16
22.22 89.05
21.86 91.62
21.45 93.87
20.98 95.81
20.45 97.42
19.87 98.71
19.24 99.68
18.56 100.32
17.83 100.64
17.05 100.63
16.23 100.30
15.37 99.63
14.46 98.64
13.52 97.30
12.53 95.63
11.51 93.61
10.46 91.25
9.37 88.53
8.26 85.46
7.12 82.02
5.95 78.20
4.78 74.01
3.59 69.42
2.41 64.42
1.26 59.01
0.15 53.16
-0.86 46.86
-1.69 40.12
-2.21 33.02
-2.36 25.73
-2.19 18.42
-1.79 11.18
-1.22 4.07
-0.54 -2.91
0.21 -9.72
1.03 -16.36
1.91 -22.81
2.86 -29.03
3.88 -35.00
4.95 -40.68
6.07 -46.04
7.20 -51.07
8.32 -55.75
9.44 -60.09
10.52 -64.09
11.57 -67.74
12.57 -71.05
13.52 -74.03
14.41 -76.67
15.25 -78.98
16.02 -80.95
16.72 -82.60
17.35 -83.92
17.91 -84.91
18.40 -85.58
18.81 -85.91
19.15 -85.92
19.40 -85.59
19.57 -84.93
19.66 -83.94
19.65 -82.60
19.56 -80.91
19.37 -78.88
19.07 -76.50
18.67 -73.75
18.14 -70.64
17.49 -67.16
16.69 -63.31
15.73 -59.09
14.57 -54.51
13.19 -49.57
11.56 -44.33
9.63 -38.84
7.39 -33.18
4.85 -27.46
2.04 -21.80
-0.94 -16.30
-3.98 -11.02
-6.99 -5.95
-9.91 -1.07
-12.75 3.64
-15.48 8.19
-18.11 12.60
-20.64 16.88
-23.09 21.03
-25.47 25.05
-27.79 28.95
-30.08 32.70
-32.36 36.30
-34.65 39.69
-36.94 42.83
-39.21 45.67
-41.43 48.17
-43.55 50.34
-45.54 52.16
-47.39 53.65
-49.07 54.82
-50.56 55.66
-51.87 56.19
-52.97 56.41
-53.85 56.34
-54.50 55.97
-54.91 55.32
