-80.90 58.80
-81.09 58.32
-81.09 57.70
-80.88 56.94
-80.47 56.03
-79.86 54.98
-79.04 53.79
-78.01 52.46
-76.77 50.98
-75.32 49.37
-73.65 47.61
-71.75 45.71
-69.64 43.66
-67.29 41.47
-64.71 39.14
-61.88 36.66
-58.81 34.03
-55.47 31.25
-51.87 28.32
-47.98 25.24
-43.80 22.00
-39.30 18.60
-34.47 15.04
-29.27 11.33
-23.65 7.45
-17.56 3.43
-10.89 -0.70
-3.49 -4.72
4.37 -8.05
11.93 -10.64
19.03 -12.81
25.70 -14.69
31.98 -16.34
37.90 -17.80
43.47 -19.10
48.71 -20.26
53.63 -21.28
58.26 -22.19
62.60 -22.98
66.65 -23.67
70.42 -24.26
73.93 -24.76
77.17 -25.17
80.15 -25.50
82.87 -25.74
85.34 -25.91
87.57 -26.00
89.54 -26.02
91.27 -25.96
92.76 -25.84
94.00 -25.65
95.01 -25.39
95.77 -25.07
96.30 -24.69
96.58 -24.24
96.63 -23.74
96.44 -23.18
96.00 -22.56
95.33 -21.88
94.41 -21.14
93.24 -20.36
91.83 -19.52
90.18 -18.62
88.27 -17.68
86.10 -16.68
83.68 -15.63
80.99 -14.54
78.04 -13.39
74.82 -12.20
71.31 -10.97
67.52 -9.69
63.43 -8.37
59.04 -7.01
54.33 -5.61
49.29 -4.18
43.90 -2.72
38.14 -1.23
31.98 0.26
25.38 1.75
18.30 3.20
10.65 4.55
2.35 5.57
-6.19 5.79
-14.21 5.40
-21.65 4.76
-28.57 4.00
-35.04 3.18
-41.09 2.32
-46.76 1.44
-52.07 0.54
-57.03 -0.35
-61.67 -1.25
-66.00 -2.14
-70.02 -3.02
-73.75 -3.89
-77.20 -4.74
-80.36 -5.58
-83.25 -6.39
-85.87 -7.19
-88.23 -7.96
-90.33 -8.71
-92.16 -9.43
-93.75 -10.13
-95.08 -10.80
-96.16 -11.44
-97.00 -12.06
-97.59 -12.64
-97.93 -13.19
-98.02 -13.70
-97.87 -14.18
-97.48 -14.63
-96.84 -15.04
-95.95 -15.41
-94.82 -15.74
-93.44 -16.03
-91.82 -16.27
-89.94 -16.47
-87.80 -16.63
-85.42 -16.73
-82.77 -16.78
-79.86 -16.78
-76.69 -16.73
-73.24 -16.61
-69.52 -16.43
-65.51 -16.18
-61.21 -15.86
-56.62 -15.46
-51.71 -14.98
-46.48 -14.40
-40.92 -13.71
-35.00 -12.91
-28.71 -11.96
-22.01 -10.84
-14.87 -9.49
-7.24 -7.81
0.84 -5.56
8.76 -2.50
15.95 0.86
22.52 4.21
28.58 7.48
34.19 10.63
39.42 13.66
44.28 16.56
48.81 19.34
53.02 22.00
56.93 24.53
60.55 26.94
63.90 29.23
66.98 31.39
69.80 33.43
72.37 35.35
74.70 37.15
76.78 38.83
78.63 40.39
80.25 41.83
81.63 43.15
82.79 44.35
83.73 45.43
84.45 46.39
84.95 47.23
85.23 47.94
85.30 48.54
85.15 49.01
84.79 49.36
84.21 49.58
83.42 49.67
82.42 49.64
81.21 49.47
79.78 49.18
78.13 48.75
76.27 48.19
74.19 47.48
71.90 46.64
69.38 45.65
66.64 44.51
63.68 43.21
60.48 41.76
57.05 40.15
53.39 38.36
49.48 36.40
45.32 34.25
40.91 31.90
36.23 29.34
31.28 26.56
26.05 23.52
20.51 20.21
14.67 16.57
8.50 12.54
2.02 7.99
-4.55 2.71
-10.50 -3.07
-15.72 -8.73
-20.40 -14.13
-24.67 -19.24
-28.59 -24.09
-32.20 -28.68
-35.52 -33.03
-38.59 -37.13
-41.42 -41.00
-44.02 -44.65
-46.41 -48.08
-48.59 -51.29
-50.57 -54.29
-52.36 -57.09
-53.97 -59.68
-55.39 -62.06
-56.64 -64.25
-57.72 -66.24
-58.63 -68.04
-59.38 -69.64
-59.96 -71.05
-60.39 -72.26
-60.65 -73.28
-60.76 -74.11
-60.72 -74.75
-60.52 -75.20
-60.18 -75.45
-59.68 -75.51
-59.03 -75.38
-58.24 -75.05
-57.30 -74.53
-56.21 -73.81
-54.97 -72.89
-53.58 -71.77
-52.05 -70.44
-50.37 -68.91
-48.55 -67.17
-46.57 -65.21
-44.45 -63.04
-42.18 -60.64
-39.75 -58.01
-37.17 -55.15
-34.44 -52.05
-31.55 -48.70
-28.51 -45.09
-25.30 -41.20
-21.94 -37.03
-18.41 -32.55
-14.71 -27.74
-10.85 -22.58
-6.84 -17.02
-2.70 -11.01
1.49 -4.50
5.66 2.35
9.25 8.98
12.25 15.15
14.89 20.88
17.25 26.21
19.40 31.18
21.35 35.82
23.14 40.14
24.78 44.17
26.29 47.90
27.67 51.37
28.94 54.56
30.10 57.50
31.15 60.20
32.11 62.64
32.98 64.85
33.75 66.83
34.45 68.57
35.06 70.09
35.59 71.39
36.04 72.46
36.42 73.32
36.73 73.96
36.97 74.39
37.15 74.61
37.26 74.61
37.30 74.40
37.29 73.99
37.22 73.36
37.08 72.53
36.90 71.48
36.66 70.23
36.36 68.77
36.02 67.10
35.63 65.22
35.19 63.12
34.71 60.82
34.19 58.29
33.63 55.56
33.03 52.60
32.41 49.42
31.76 46.02
31.10 42.39
30.42 38.54
29.74 34.45
29.08 30.12
28.45 25.57
27.88 20.81
27.41 15.89
27.01 10.94
26.50 6.07
25.70 1.20
24.49 -3.76
22.67 -8.70
20.28 -13.37
17.40 -17.77
13.96 -21.78
10.19 -25.15
6.30 -27.94
2.34 -30.18
-1.61 -31.90
-5.48 -33.17
-9.24 -34.06
-12.91 -34.64
-16.50 -34.95
-20.04 -34.99
-23.53 -34.81
-27.00 -34.39
-30.47 -33.77
-33.94 -32.95
-37.44 -31.96
-40.98 -30.80
-44.58 -29.52
-48.25 -28.15
-51.99 -26.75
-55.77 -25.39
-59.50 -24.14
-63.09 -23.02
-66.47 -21.98
-69.58 -21.01
-72.41 -20.06
-74.95 -19.11
-77.19 -18.14
-79.13 -17.13
-80.76 -16.06
-82.08 -14.94
-83.08 -13.73
-83.77 -12.45
-84.13 -11.08
-84.16 -9.61
-83.85 -8.03
-83.19 -6.35
-82.15 -4.56
-80.71 -2.65
-78.85 -0.64
-76.53 1.44
-73.71 3.53
-70.39 5.56
-66.63 7.46
-62.48 9.22
-57.96 10.84
-53.10 12.37
-47.91 13.86
-42.41 15.39
-36.69 17.07
-30.90 18.95
-25.15 21.00
-19.51 23.17
-14.01 25.44
-8.68 27.79
-3.59 30.21
1.22 32.64
5.71 34.99
9.90 37.22
13.80 39.28
17.44 41.16
20.81 42.83
23.93 44.28
26.81 45.50
29.45 46.47
31.84 47.18
33.99 47.63
35.89 47.78
37.53 47.63
38.91 47.16
40.00 46.36
40.80 45.22
41.29 43.73
41.45 41.87
41.26 39.63
40.72 37.02
39.84 34.00
38.60 30.56
36.96 26.67
34.80 22.48
32.34 18.40
29.84 14.35
27.34 10.31
24.89 6.28
22.49 2.28
20.16 -1.70
17.90 -5.64
15.72 -9.52
13.61 -13.34
11.58 -17.10
9.63 -20.80
7.75 -24.43
5.95 -27.99
4.22 -31.49
2.58 -34.93
1.02 -38.30
-0.45 -41.62
-1.82 -44.89
-3.07 -48.11
-4.21 -51.28
-5.19 -54.41
-5.99 -57.48
-6.59 -60.47
-6.96 -63.36
-7.07 -66.10
-6.93 -68.65
-6.54 -70.98
-5.92 -73.04
-5.09 -74.81
-4.05 -76.28
-2.84 -77.43
-1.47 -78.24
0.04 -78.69
1.67 -78.79
3.40 -78.51
5.22 -77.84
7.10 -76.78
9.00 -75.30
10.92 -73.42
12.82 -71.11
14.66 -68.38
16.42 -65.22
18.04 -61.62
19.48 -57.59
20.65 -53.18
21.51 -48.46
22.03 -43.50
22.24 -38.39
22.14 -33.14
21.75 -27.79
21.08 -22.34
20.13 -16.83
18.92 -11.27
17.43 -5.66
15.70 -0.02
13.72 5.66
11.48 11.41
8.92 16.65
6.32 21.05
3.78 25.16
1.30 29.04
-1.13 32.70
-3.51 36.16
-5.85 39.45
-8.15 42.56
-10.41 45.53
-12.63 48.36
-14.83 51.06
-17.04 53.63
-19.29 56.08
-21.61 58.37
-24.03 60.45
-26.55 62.24
-29.12 63.69
-31.70 64.76
-34.25 65.44
-36.73 65.74
-39.10 65.66
-41.35 65.22
-43.46 64.41
-45.39 63.26
-47.15 61.77
-48.70 59.95
-50.04 57.81
-51.14 55.36
-51.98 52.62
-52.55 49.60
-52.81 46.32
-52.75 42.80
-52.36 39.08
-51.61 35.19
-50.51 31.17
-49.05 27.05
-47.24 22.86
-45.09 18.62
-42.60 14.37
-39.79 10.13
-36.69 5.93
-33.30 1.78
-29.68 -2.30
-25.84 -6.31
-21.81 -10.26
-17.61 -14.16
-13.25 -18.03
-8.74 -21.90
-4.07 -25.79
0.77 -29.73
5.77 -33.78
10.81 -37.99
15.75 -42.16
20.68 -46.07
25.62 -49.58
30.47 -52.59
35.12 -55.11
39.50 -57.21
43.60 -58.92
47.41 -60.28
50.92 -61.33
54.14 -62.08
57.07 -62.54
59.70 -62.74
62.03 -62.69
64.07 -62.39
65.82 -61.85
67.27 -61.09
68.41 -60.10
69.26 -58.90
69.79 -57.49
70.01 -55.88
69.90 -54.07
69.47 -52.08
68.70 -49.90
67.59 -47.55
66.11 -45.04
64.25 -42.37
62.01 -39.56
59.35 -36.62
56.25 -33.59
52.70 -30.49
48.65 -27.41
44.16 -24.46
39.41 -21.75
34.57 -19.18
29.64 -16.68
24.63 -14.22
19.52 -11.80
14.32 -9.42
9.02 -7.06
3.63 -4.72
-1.87 -2.41
-7.50 -0.14
-13.25 2.07
-19.15 4.14
-25.04 5.92
-30.69 7.44
-36.00 8.82
-40.95 10.14
-45.55 11.42
-49.78 12.69
-53.65 13.95
-57.14 15.21
-60.24 16.45
-62.97 17.68
-65.30 18.88
-67.25 20.04
-68.82 21.16
-70.01 22.23
-70.83 23.24
-71.28 24.20
-71.36 25.09
-71.07 25.93
-70.43 26.70
-69.43 27.42
-68.06 28.07
-66.33 28.67
-64.23 29.22
-61.75 29.72
-58.88 30.18
-55.60 30.61
-51.89 31.05
-47.71 31.56
-43.32 32.29
-39.03 32.93
-34.73 33.41
-30.35 33.71
-25.87 33.84
-21.26 33.81
-16.48 33.60
-11.52 33.23
-6.34 32.69
-0.88 32.01
4.94 31.20
11.26 30.48
17.68 30.11
23.53 29.77
28.94 29.38
33.97 28.92
38.65 28.39
42.99 27.78
47.01 27.07
50.72 26.27
54.12 25.38
57.23 24.39
60.04 23.29
62.56 22.09
64.79 20.79
66.72 19.38
68.36 17.86
69.70 16.24
70.74 14.51
71.47 12.66
71.88 10.72
71.98 8.66
71.74 6.51
71.17 4.26
70.25 1.91
68.98 -0.52
67.34 -3.02
65.34 -5.61
62.96 -8.26
60.19 -10.99
57.01 -13.78
53.42 -16.65
49.37 -19.62
44.66 -22.78
39.70 -25.86
34.70 -28.75
29.61 -31.50
24.41 -34.13
19.09 -36.69
13.67 -39.22
8.22 -41.76
2.90 -44.30
-2.23 -46.71
-7.15 -48.92
-11.89 -50.89
-16.47 -52.58
-20.89 -53.98
-25.15 -55.08
-29.25 -55.88
-33.18 -56.35
-36.93 -56.51
-40.47 -56.35
-43.77 -55.88
-46.80 -55.11
-49.56 -54.09
-52.02 -52.83
-54.19 -51.36
-56.07 -49.70
-57.67 -47.87
-58.99 -45.88
-60.04 -43.72
-60.82 -41.41
-61.33 -38.94
-61.59 -36.32
-61.57 -33.54
-61.29 -30.60
-60.73 -27.50
-59.90 -24.25
-58.78 -20.82
-57.37 -17.23
-55.65 -13.46
-53.60 -9.52
-51.21 -5.40
-48.46 -1.10
-45.33 3.38
-41.83 8.07
-37.97 12.98
-33.89 18.16
-29.76 23.47
-25.59 28.76
-21.35 34.00
-17.03 39.21
-12.67 44.44
-8.50 49.68
-4.62 54.70
-0.96 59.40
2.53 63.79
5.88 67.86
9.08 71.63
12.16 75.10
15.11 78.26
17.95 81.14
20.68 83.72
23.29 86.01
25.80 88.02
28.20 89.74
30.49 91.17
32.68 92.32
34.76 93.18
36.72 93.76
38.58 94.04
40.31 94.03
41.93 93.73
43.43 93.13
44.79 92.23
46.02 91.03
47.10 89.53
48.03 87.73
48.79 85.63
49.38 83.24
49.79 80.54
50.01 77.56
50.02 74.29
49.82 70.74
49.41 66.91
48.79 62.82
47.94 58.45
46.86 53.82
45.56 48.92
44.02 43.76
42.25 38.32
40.24 32.61
37.99 26.61
35.49 20.34
32.72 13.80
29.70 6.99
26.43 -0.03
22.97 -7.24
19.35 -14.57
15.65 -22.01
12.07 -29.52
8.75 -36.86
5.63 -43.89
2.65 -50.60
-0.21 -56.98
-2.96 -63.04
-5.61 -68.76
-8.18 -74.17
-10.67 -79.25
-13.09 -84.01
-15.44 -88.47
-17.72 -92.61
-19.94 -96.44
-22.10 -99.96
-24.19 -103.18
-26.21 -106.10
-28.18 -108.72
-30.07 -111.03
-31.90 -113.05
-33.66 -114.76
-35.35 -116.18
-36.96 -117.31
-38.50 -118.14
-39.96 -118.67
-41.34 -118.91
-42.63 -118.86
-43.83 -118.52
-44.94 -117.89
-45.95 -116.96
-46.87 -115.75
-47.68 -114.26
-48.39 -112.47
-48.99 -110.40
-49.48 -108.04
-49.85 -105.39
-50.10 -102.45
-50.22 -99.23
-50.22 -95.72
-50.08 -91.92
-49.80 -87.83
-49.38 -83.46
-48.80 -78.79
-48.06 -73.83
-47.16 -68.59
-46.09 -63.05
-44.84 -57.23
-43.41 -51.13
-41.78 -44.74
-39.97 -38.07
-37.98 -31.14
-35.81 -23.94
-33.49 -16.49
-31.05 -8.82
-28.51 -0.98
-25.88 6.97
-23.20 15.04
-20.65 23.02
-18.18 30.66
-15.70 37.91
-13.17 44.78
-10.59 51.26
-7.96 57.35
-5.29 63.06
-2.58 68.38
0.14 73.32
2.88 77.89
5.62 82.10
8.35 85.95
11.06 89.44
13.76 92.59
16.43 95.40
19.07 97.87
21.67 100.01
24.24 101.82
26.76 103.31
29.22 104.47
31.64 105.31
33.99 105.84
36.27 106.04
38.49 105.94
40.62 105.53
42.68 104.81
44.65 103.79
46.53 102.47
48.32 100.84
50.01 98.92
51.60 96.70
53.09 94.19
54.47 91.39
55.75 88.29
56.91 84.90
57.97 81.21
58.92 77.23
59.76 72.95
60.51 68.36
61.18 63.46
61.79 58.22
62.40 52.65
63.16 46.92
63.90 41.32
64.44 35.84
64.72 30.43
64.73 25.06
64.46 19.72
63.90 14.39
63.04 9.07
61.87 3.75
60.36 -1.55
58.51 -6.84
56.28 -12.09
53.66 -17.27
50.61 -22.32
47.17 -27.17
43.34 -31.76
39.18 -36.05
34.73 -40.01
30.03 -43.60
25.13 -46.82
20.07 -49.66
14.88 -52.14
9.57 -54.25
4.17 -55.99
-1.33 -57.37
-6.91 -58.36
-12.54 -58.93
-18.19 -59.05
-23.77 -58.72
-29.24 -57.96
-34.57 -56.80
-39.73 -55.24
-44.73 -53.30
-49.52 -50.93
-53.96 -48.11
-57.88 -45.13
-61.38 -42.18
-64.56 -39.26
-67.43 -36.36
-70.02 -33.47
-72.35 -30.59
-74.40 -27.71
-76.20 -24.83
-77.74 -21.94
-79.03 -19.05
-80.06 -16.15
-80.84 -13.24
-81.36 -10.32
-81.62 -7.40
-81.62 -4.47
-81.36 -1.52
-80.82 1.42
-80.02 4.37
-78.93 7.32
-77.56 10.26
-75.89 13.19
-73.93 16.10
-71.66 18.98
-69.07 21.82
-66.16 24.61
-62.92 27.33
-59.35 29.97
-55.44 32.51
-51.17 34.92
-46.55 37.16
-41.59 39.20
-36.31 40.97
-30.76 42.45
-25.00 43.61
-19.07 44.46
-13.03 45.01
-6.88 45.29
-0.65 45.33
5.66 45.16
12.00 44.84
18.33 44.42
24.51 43.93
30.46 43.33
36.13 42.56
41.52 41.61
46.61 40.45
51.41 39.07
55.89 37.49
60.05 35.69
63.88 33.68
67.36 31.49
70.48 29.12
73.23 26.61
75.59 23.98
77.57 21.25
79.17 18.46
80.40 15.62
81.27 12.74
81.79 9.85
81.95 6.94
81.77 4.04
81.26 1.14
80.40 -1.75
79.21 -4.61
77.69 -7.46
75.82 -10.27
73.62 -13.04
71.07 -15.76
68.17 -18.41
64.91 -20.97
61.30 -23.43
57.34 -25.75
53.04 -27.88
48.42 -29.80
43.54 -31.47
38.44 -32.89
33.15 -34.06
27.72 -34.99
22.16 -35.70
16.49 -36.19
10.74 -36.49
4.92 -36.59
-0.94 -36.52
-6.81 -36.29
-12.66 -35.88
-18.46 -35.32
-24.15 -34.59
-29.70 -33.71
-35.06 -32.66
-40.21 -31.44
-45.12 -30.07
-49.76 -28.54
-54.12 -26.85
-58.17 -25.01
-61.91 -23.03
-65.32 -20.91
-68.38 -18.66
-71.10 -16.30
-73.45 -13.83
-75.43 -11.28
-77.04 -8.66
-78.28 -5.98
-79.13 -3.27
-79.60 -0.52
-79.70 2.24
-79.41 5.01
-78.73 7.77
-77.67 10.51
-76.21 13.21
-74.35 15.86
-72.08 18.42
-69.41 20.87
-66.34 23.16
-62.91 25.26
-59.15 27.13
-55.10 28.77
-50.79 30.17
-46.26 31.35
-41.51 32.30
-36.58 33.06
-31.46 33.61
-26.18 33.98
-20.75 34.18
-15.19 34.21
-9.51 34.07
-3.74 33.78
2.08 33.32
7.91 32.70
13.72 31.90
19.46 30.92
25.08 29.75
30.56 28.39
35.85 26.85
40.94 25.13
45.79 23.23
50.40 21.16
54.73 18.94
58.78 16.56
62.52 14.04
65.95 11.39
69.06 8.62
71.82 5.75
74.23 2.80
76.28 -0.22
77.97 -3.29
79.30 -6.39
80.25 -9.52
80.83 -12.66
81.03 -15.78
80.85 -18.88
80.27 -21.94
79.30 -24.92
77.92 -27.79
76.15 -30.52
74.01 -33.06
71.52 -35.39
68.72 -37.46
65.65 -39.28
62.32 -40.85
58.77 -42.16
54.99 -43.21
51.02 -44.01
46.84 -44.56
42.46 -44.86
37.89 -44.90
33.13 -44.69
28.19 -44.22
23.05 -43.50
17.73 -42.52
