-80.90 -58.80
-80.51 -59.13
-79.91 -59.32
-79.12 -59.36
-78.13 -59.25
-76.95 -58.99
-75.56 -58.58
-73.98 -58.01
-72.19 -57.29
-70.21 -56.41
-68.02 -55.36
-65.63 -54.15
-63.03 -52.77
-60.22 -51.21
-57.20 -49.48
-53.97 -47.56
-50.52 -45.44
-46.85 -43.13
-42.95 -40.61
-38.81 -37.87
-34.44 -34.89
-29.82 -31.66
-24.94 -28.17
-19.80 -24.36
-14.38 -20.22
-8.67 -15.67
-2.69 -10.60
3.43 -4.80
9.02 1.65
13.82 8.04
18.07 14.12
21.92 19.90
25.43 25.36
28.64 30.54
31.60 35.44
34.32 40.07
36.81 44.44
39.10 48.57
41.20 52.45
43.10 56.09
44.83 59.50
46.39 62.69
47.78 65.65
49.01 68.38
50.08 70.90
51.00 73.21
51.77 75.30
52.39 77.17
52.88 78.84
53.22 80.29
53.42 81.54
53.48 82.58
53.41 83.41
53.21 84.03
52.87 84.44
52.40 84.64
51.81 84.64
51.08 84.42
50.23 83.99
49.24 83.34
48.13 82.48
46.89 81.40
45.53 80.11
44.04 78.59
42.42 76.84
40.67 74.86
38.80 72.65
36.80 70.19
34.67 67.49
32.41 64.55
30.02 61.34
27.50 57.86
24.84 54.10
22.05 50.06
19.13 45.71
16.07 41.03
12.88 36.01
9.55 30.61
6.10 24.80
2.52 18.50
-1.12 11.64
-4.65 4.05
-7.50 -4.01
-9.60 -11.78
-11.28 -19.06
-12.69 -25.89
-13.90 -32.31
-14.95 -38.35
-15.85 -44.03
-16.63 -49.37
-17.30 -54.39
-17.88 -59.10
-18.36 -63.50
-18.76 -67.61
-19.07 -71.44
-19.32 -75.00
-19.49 -78.28
-19.60 -81.29
-19.65 -84.05
-19.63 -86.54
-19.56 -88.78
-19.43 -90.77
-19.25 -92.50
-19.01 -93.99
-18.73 -95.23
-18.39 -96.22
-18.01 -96.97
-17.59 -97.48
-17.12 -97.74
-16.61 -97.76
-16.05 -97.53
-15.46 -97.06
-14.83 -96.34
-14.15 -95.38
-13.44 -94.16
-12.70 -92.70
-11.92 -90.98
-11.11 -89.01
-10.26 -86.77
-9.38 -84.28
-8.48 -81.52
-7.54 -78.49
-6.58 -75.18
-5.59 -71.58
-4.58 -67.70
-3.55 -63.51
-2.51 -59.02
-1.44 -54.20
-0.37 -49.05
0.70 -43.54
1.77 -37.66
2.82 -31.37
3.82 -24.64
4.75 -17.42
5.52 -9.63
5.86 -1.21
5.37 7.31
4.36 15.24
3.16 22.58
1.90 29.41
0.60 35.78
-0.70 41.74
-2.00 47.32
-3.28 52.54
-4.55 57.43
-5.78 61.98
-6.99 66.23
-8.16 70.17
-9.30 73.82
-10.41 77.19
-11.48 80.28
-12.50 83.10
-13.49 85.65
-14.44 87.94
-15.34 89.97
-16.20 91.74
-17.02 93.26
-17.79 94.53
-18.51 95.55
-19.19 96.33
-19.81 96.86
-20.39 97.14
-20.91 97.18
-21.38 96.98
-21.80 96.54
-22.16 95.85
-22.47 94.92
-22.72 93.74
-22.91 92.32
-23.03 90.65
-23.09 88.73
-23.09 86.56
-23.02 84.13
-22.88 81.45
-22.66 78.50
-22.37 75.30
-21.99 71.82
-21.54 68.07
-20.99 64.03
-20.34 59.71
-19.60 55.08
-18.74 50.15
-17.76 44.90
-16.64 39.31
-15.38 33.37
-13.93 27.05
-12.27 20.32
-10.32 13.14
-7.96 5.49
-4.86 -2.53
-1.06 -10.14
2.86 -17.05
6.70 -23.39
10.40 -29.25
13.96 -34.70
17.37 -39.77
20.64 -44.50
23.75 -48.91
26.71 -53.01
29.54 -56.83
32.21 -60.37
34.74 -63.65
37.14 -66.66
39.39 -69.43
41.50 -71.96
43.48 -74.25
45.31 -76.30
47.01 -78.13
48.57 -79.73
50.00 -81.11
51.29 -82.27
52.44 -83.22
53.45 -83.95
54.33 -84.47
55.06 -84.78
55.66 -84.88
56.12 -84.78
56.44 -84.46
56.62 -83.94
56.65 -83.21
56.54 -82.27
56.28 -81.12
55.88 -79.77
55.32 -78.21
54.61 -76.44
53.74 -74.45
52.72 -72.25
51.53 -69.84
50.17 -67.21
48.64 -64.35
46.93 -61.28
45.04 -57.97
42.96 -54.43
40.67 -50.65
38.18 -46.62
35.47 -42.34
32.52 -37.80
29.32 -32.99
25.84 -27.89
22.04 -22.49
17.89 -16.76
13.29 -10.69
8.10 -4.25
1.87 2.39
-4.83 8.75
-11.37 14.58
-17.63 19.94
-23.59 24.91
-29.27 29.54
-34.66 33.87
-39.79 37.93
-44.66 41.74
-49.28 45.30
-53.66 48.64
-57.80 51.77
-61.71 54.69
-65.39 57.40
-68.85 59.93
-72.10 62.26
-75.12 64.41
-77.94 66.38
-80.54 68.18
-82.93 69.80
-85.12 71.25
-87.10 72.53
-88.87 73.65
-90.44 74.60
-91.80 75.39
-92.96 76.01
-93.92 76.47
-94.67 76.78
-95.22 76.92
-95.57 76.91
-95.70 76.73
-95.64 76.39
-95.36 75.90
-94.88 75.24
-94.18 74.43
-93.27 73.45
-92.15 72.31
-90.81 71.00
-89.24 69.53
-87.46 67.89
-85.44 66.08
-83.20 64.10
-80.71 61.94
-77.99 59.60
-75.01 57.08
-71.78 54.37
-68.29 51.47
-64.53 48.37
-60.48 45.06
-56.13 41.55
-51.47 37.81
-46.48 33.84
-41.12 29.63
-35.38 25.16
-29.19 20.42
-22.48 15.38
-15.17 9.91
-7.60 4.09
0.09 -1.79
7.84 -7.66
15.51 -13.46
22.98 -19.11
30.17 -24.58
37.08 -29.83
43.70 -34.87
50.04 -39.68
56.10 -44.29
61.91 -48.69
67.46 -52.90
72.76 -56.91
77.82 -60.73
82.64 -64.36
87.23 -67.82
91.59 -71.09
95.72 -74.20
99.63 -77.13
103.33 -79.90
106.80 -82.50
110.07 -84.93
113.11 -87.21
115.95 -89.33
118.58 -91.28
121.00 -93.08
123.21 -94.72
125.21 -96.21
127.00 -97.54
128.59 -98.71
129.97 -99.73
131.15 -100.59
132.12 -101.30
132.89 -101.86
133.45 -102.26
133.80 -102.50
133.95 -102.58
133.89 -102.51
133.62 -102.29
133.14 -101.90
132.45 -101.36
131.55 -100.65
130.44 -99.79
129.12 -98.77
127.57 -97.59
125.82 -96.24
123.84 -94.73
121.64 -93.06
119.21 -91.22
116.56 -89.21
113.68 -87.04
110.57 -84.69
107.21 -82.17
103.62 -79.47
99.78 -76.59
95.69 -73.53
91.35 -70.28
86.75 -66.85
81.89 -63.21
76.76 -59.38
71.35 -55.35
65.67 -51.11
59.70 -46.67
53.43 -42.00
46.86 -37.11
39.99 -31.99
32.79 -26.64
25.25 -21.05
17.33 -15.20
9.15 -9.42
1.24 -3.77
-6.39 2.05
-13.66 7.98
-20.55 13.90
-27.07 19.74
-33.26 25.47
-39.12 31.06
-44.66 36.49
-49.90 41.76
-54.85 46.86
-59.52 51.77
-63.91 56.50
-68.04 61.05
-71.92 65.41
-75.55 69.58
-78.93 73.56
-82.08 77.36
-85.00 80.96
-87.69 84.38
-90.15 87.61
-92.40 90.65
-94.43 93.51
-96.25 96.17
-97.85 98.65
-99.25 100.95
-100.44 103.05
-101.42 104.96
-102.20 106.69
-102.78 108.23
-103.15 109.57
-103.33 110.72
-103.31 111.68
-103.08 112.45
-102.67 113.01
-102.05 113.38
-101.23 113.55
-100.22 113.51
-99.02 113.27
-97.61 112.82
-96.02 112.16
-94.22 111.29
-92.23 110.20
-90.05 108.88
-87.67 107.34
-85.10 105.57
-82.34 103.57
-79.39 101.34
-76.24 98.86
-72.90 96.14
-69.36 93.16
-65.64 89.94
-61.72 86.46
-57.61 82.72
-53.30 78.72
-48.79 74.46
-44.08 69.92
-39.17 65.12
-34.06 60.06
-28.74 54.73
-23.21 49.14
-17.48 43.31
-11.57 37.25
-5.50 30.95
0.71 24.40
7.02 17.58
13.47 11.04
19.75 5.14
25.70 -0.68
31.32 -6.44
36.59 -12.12
41.52 -17.70
46.10 -23.15
50.36 -28.47
54.29 -33.64
57.91 -38.64
61.23 -43.48
64.26 -48.14
67.00 -52.62
69.46 -56.92
71.64 -61.02
73.56 -64.93
75.22 -68.64
76.62 -72.15
77.77 -75.44
78.67 -78.51
79.33 -81.37
79.76 -84.00
79.95 -86.40
79.92 -88.56
79.67 -90.49
79.21 -92.18
78.54 -93.63
77.67 -94.83
76.59 -95.78
75.32 -96.49
73.85 -96.94
72.19 -97.15
70.35 -97.10
68.31 -96.79
66.08 -96.23
63.66 -95.41
61.05 -94.32
58.25 -92.97
55.25 -91.35
52.06 -89.45
48.66 -87.26
45.06 -84.79
41.26 -82.00
37.24 -78.90
33.01 -75.46
28.57 -71.66
23.92 -67.46
19.07 -62.81
14.10 -57.68
9.09 -52.02
4.14 -45.89
-0.60 -39.29
-4.97 -32.46
-9.06 -25.59
-12.97 -18.69
-16.75 -11.78
-20.45 -4.88
-24.11 1.97
-27.74 8.71
-31.31 15.27
-34.77 21.65
-38.07 27.83
-41.19 33.83
-44.11 39.66
-46.79 45.32
-49.24 50.81
-51.42 56.12
-53.34 61.25
-54.98 66.16
-56.34 70.83
-57.45 75.25
-58.30 79.39
-58.91 83.25
-59.31 86.82
-59.50 90.09
-59.50 93.06
-59.33 95.74
-58.98 98.11
-58.47 100.19
-57.80 101.98
-56.98 103.48
-56.01 104.68
-54.90 105.60
-53.65 106.22
-52.26 106.55
-50.74 106.59
-49.08 106.33
-47.29 105.78
-45.38 104.93
-43.34 103.78
-41.17 102.32
-38.89 100.56
-36.49 98.48
-33.97 96.08
-31.34 93.35
-28.62 90.30
-25.79 86.90
-22.87 83.16
-19.88 79.06
-16.82 74.61
-13.71 69.80
-10.56 64.62
-7.37 59.10
-4.17 53.22
-0.97 47.01
2.24 40.48
5.43 33.65
8.57 26.57
11.57 19.34
14.34 12.12
16.86 5.06
19.18 -1.78
21.32 -8.40
23.29 -14.82
25.11 -21.06
26.78 -27.14
28.32 -33.08
29.73 -38.90
31.02 -44.62
32.23 -50.30
33.38 -55.98
34.68 -61.50
35.98 -66.47
37.17 -70.97
38.22 -75.07
39.14 -78.79
39.93 -82.15
40.58 -85.16
41.11 -87.84
41.51 -90.18
41.78 -92.21
41.93 -93.92
41.95 -95.32
41.85 -96.41
41.63 -97.20
41.29 -97.68
40.82 -97.86
40.24 -97.74
39.54 -97.31
38.72 -96.59
37.78 -95.57
36.72 -94.24
35.55 -92.62
34.26 -90.70
32.85 -88.47
31.33 -85.94
29.68 -83.11
27.91 -79.97
26.02 -76.53
23.99 -72.78
21.83 -68.71
19.52 -64.34
17.07 -59.66
14.44 -54.66
11.63 -49.37
8.59 -43.79
5.28 -37.97
1.65 -32.01
-2.27 -26.11
-6.29 -20.43
-10.26 -14.98
-14.09 -9.75
-17.74 -4.69
-21.18 0.22
-24.42 4.99
-27.45 9.65
-30.28 14.21
-32.92 18.67
-35.37 23.04
-37.64 27.35
-39.75 31.59
-41.71 35.78
-43.53 39.94
-45.27 44.11
-47.02 48.35
-48.86 52.23
-50.51 55.62
-51.93 58.61
-53.13 61.24
-54.11 63.53
-54.89 65.51
-55.47 67.18
-55.84 68.56
-56.02 69.65
-56.01 70.46
-55.80 71.00
-55.40 71.26
-54.80 71.27
-54.02 71.01
-53.05 70.48
-51.88 69.71
-50.52 68.67
-48.97 67.38
-47.21 65.84
-45.26 64.05
-43.10 62.00
-40.73 59.71
-38.15 57.17
-35.34 54.38
-32.31 51.34
-29.04 48.06
-25.53 44.55
-21.77 40.80
-17.74 36.82
-13.41 32.61
-8.74 28.08
-4.22 23.32
0.05 18.59
4.10 13.93
7.93 9.37
11.53 4.91
14.89 0.57
18.03 -3.62
20.94 -7.68
23.65 -11.60
26.16 -15.37
28.49 -19.01
30.64 -22.52
32.65 -25.92
34.50 -29.20
36.22 -32.38
37.81 -35.48
39.28 -38.49
40.66 -41.44
41.94 -44.34
43.16 -47.18
44.35 -50.00
45.56 -52.77
46.89 -55.42
48.30 -57.72
49.62 -59.59
50.77 -61.08
51.71 -62.22
52.45 -63.03
52.97 -63.54
53.27 -63.75
53.35 -63.69
53.21 -63.35
52.85 -62.75
52.27 -61.89
51.46 -60.78
50.42 -59.41
49.15 -57.80
47.64 -55.94
45.90 -53.84
43.90 -51.49
41.66 -48.90
39.15 -46.07
36.37 -42.98
33.30 -39.64
29.93 -36.04
26.21 -32.16
22.05 -27.98
17.41 -23.90
12.92 -19.86
8.51 -15.81
4.17 -11.75
-0.10 -7.69
-4.26 -3.67
-8.25 0.29
-12.04 4.16
-15.60 7.90
-18.93 11.49
-22.04 14.92
-24.96 18.21
-27.71 21.36
-30.30 24.39
-32.76 27.30
-35.10 30.12
-37.35 32.84
-39.52 35.48
-41.65 38.05
-43.76 40.53
-45.91 42.90
-48.14 45.08
-50.40 46.89
-52.52 48.27
-54.39 49.26
-55.98 49.92
-57.28 50.28
-58.30 50.36
-59.02 50.18
-59.45 49.75
-59.58 49.10
-59.43 48.22
-58.98 47.13
-58.23 45.83
-57.18 44.33
-55.82 42.64
-54.14 40.76
-52.14 38.70
-49.79 36.46
-47.08 34.05
-43.97 31.50
-40.42 28.86
-36.45 26.35
-32.39 24.04
-28.34 21.81
-24.31 19.59
-20.27 17.35
-16.21 15.09
-12.12 12.79
-8.01 10.47
-3.86 8.13
0.33 5.76
4.54 3.39
8.78 1.01
13.03 -1.35
17.30 -3.68
21.56 -5.96
25.80 -8.18
30.00 -10.33
34.16 -12.37
38.27 -14.28
42.31 -16.03
46.27 -17.53
50.09 -18.72
53.64 -19.56
56.83 -20.06
59.60 -20.30
61.95 -20.31
63.86 -20.12
65.35 -19.77
66.42 -19.27
67.08 -18.63
67.34 -17.88
67.20 -17.03
66.67 -16.07
65.76 -15.03
64.46 -13.91
62.78 -12.73
60.72 -11.48
58.27 -10.18
55.43 -8.85
52.18 -7.50
48.53 -6.16
44.44 -4.91
40.03 -3.91
35.60 -3.12
31.22 -2.40
26.86 -1.68
22.50 -0.94
18.14 -0.20
13.77 0.56
9.39 1.33
4.99 2.10
0.58 2.87
-3.84 3.62
-8.26 4.34
-12.68 5.04
-17.10 5.68
-21.50 6.27
-25.89 6.78
-30.26 7.20
-34.58 7.51
-38.86 7.70
-43.08 7.74
-47.20 7.62
-51.22 7.31
-55.10 6.81
-58.79 6.09
-62.26 5.17
-65.46 4.04
-68.37 2.73
-70.94 1.26
-73.17 -0.34
-75.03 -2.05
-76.52 -3.85
-77.62 -5.71
-78.33 -7.60
-78.66 -9.52
-78.60 -11.44
-78.14 -13.33
-77.30 -15.19
-76.06 -17.00
-74.44 -18.73
-72.44 -20.38
-70.06 -21.92
-67.30 -23.35
-64.18 -24.65
-60.70 -25.80
-56.86 -26.80
-52.67 -27.64
-48.14 -28.30
-43.28 -28.77
-38.09 -29.06
-32.62 -29.15
-26.88 -29.06
-20.95 -28.81
-14.93 -28.43
-8.93 -27.96
-3.03 -27.41
2.73 -26.77
8.32 -26.04
13.76 -25.21
19.03 -24.28
24.15 -23.23
29.12 -22.05
33.94 -20.75
38.61 -19.31
43.11 -17.73
47.46 -16.00
51.63 -14.12
55.63 -12.07
59.43 -9.86
63.02 -7.49
66.39 -4.96
69.52 -2.27
72.38 0.57
74.97 3.56
77.26 6.67
79.24 9.89
80.90 13.20
82.22 16.59
83.19 20.03
83.81 23.50
84.07 26.97
83.97 30.43
83.50 33.86
82.67 37.22
81.48 40.49
79.94 43.66
78.04 46.70
75.82 49.59
73.26 52.30
70.40 54.83
67.22 57.16
63.76 59.28
60.01 61.18
56.00 62.84
51.71 64.25
47.17 65.42
42.37 66.31
37.32 66.92
32.03 67.22
26.49 67.19
20.73 66.78
14.82 65.91
8.86 64.58
2.95 62.81
-2.87 60.67
-8.58 58.17
-14.19 55.33
-19.66 52.17
-24.99 48.67
-30.15 44.85
-35.11 40.72
-39.86 36.28
-44.35 31.57
-48.56 26.59
-52.48 21.38
-56.08 15.96
-59.34 10.36
-62.24 4.60
-64.77 -1.28
-66.90 -7.25
-68.62 -13.28
-69.92 -19.31
-70.79 -25.29
-71.24 -31.15
-71.30 -36.86
-71.00 -42.37
-70.38 -47.67
-69.45 -52.74
-68.24 -57.57
-66.77 -62.15
-65.06 -66.48
-63.12 -70.55
-60.96 -74.36
-58.60 -77.91
-56.04 -81.20
-53.29 -84.21
-50.36 -86.95
-47.25 -89.41
-43.97 -91.59
-40.53 -93.47
-36.94 -95.05
-33.21 -96.32
-29.34 -97.27
-25.35 -97.87
-21.26 -98.14
-17.10 -98.04
-12.88 -97.58
-8.64 -96.75
-4.39 -95.57
-0.16 -94.02
4.04 -92.11
8.18 -89.86
12.26 -87.27
16.26 -84.33
20.18 -81.06
23.99 -77.46
27.69 -73.52
31.27 -69.25
34.70 -64.65
37.97 -59.71
41.06 -54.44
43.93 -48.85
46.56 -42.94
48.91 -36.74
50.95 -30.28
52.66 -23.60
54.03 -16.75
55.07 -9.75
55.76 -2.62
56.11 4.62
56.07 11.95
55.59 19.35
54.59 26.63
53.18 33.62
51.46 40.29
49.48 46.65
47.28 52.70
44.88 58.45
42.28 63.90
39.51 69.05
36.57 73.90
33.46 78.45
30.21 82.68
26.81 86.59
23.29 90.16
19.66 93.40
15.94 96.29
12.16 98.82
8.33 100.99
4.47 102.80
0.62 104.26
-3.22 105.38
-7.03 106.15
-10.79 106.58
-14.50 106.69
-18.14 106.47
-21.72 105.94
-25.21 105.09
-28.62 103.93
-31.93 102.46
-35.14 100.68
-38.24 98.60
-41.22 96.22
-44.08 93.54
-46.81 90.55
-49.38 87.26
-51.80 83.67
-54.06 79.79
-56.13 75.60
-58.01 71.12
-59.67 66.34
-61.11 61.28
-62.29 55.92
-63.19 50.29
-63.77 44.40
-64.01 38.28
-63.88 31.99
-63.36 25.57
-62.47 19.08
-61.22 12.57
-59.63 6.06
-57.71 -0.45
-55.43 -6.93
-52.79 -13.33
-49.79 -19.60
-46.46 -25.69
-42.81 -31.56
-38.90 -37.18
-34.73 -42.55
-30.33 -47.66
