100.00 0.00
99.88 0.50
99.51 1.00
98.89 1.49
98.03 1.99
96.91 2.47
95.55 2.95
93.93 3.43
92.07 3.89
89.94 4.34
87.56 4.79
84.91 5.21
81.99 5.62
78.81 6.01
75.35 6.38
71.60 6.73
67.57 7.05
63.24 7.33
58.60 7.59
53.65 7.80
48.36 7.96
42.72 8.06
36.72 8.10
30.33 8.05
23.51 7.88
16.22 7.55
8.40 6.97
0.04 5.87
-8.27 3.94
-15.91 1.60
-22.93 -0.82
-29.43 -3.23
-35.48 -5.58
-41.12 -7.88
-46.39 -10.10
-51.31 -12.25
-55.90 -14.31
-60.17 -16.30
-64.15 -18.21
-67.83 -20.03
-71.23 -21.77
-74.36 -23.43
-77.22 -25.00
-79.82 -26.49
-82.17 -27.90
-84.27 -29.22
-86.12 -30.45
-87.72 -31.60
-89.09 -32.66
-90.22 -33.64
-91.12 -34.52
-91.78 -35.32
-92.21 -36.03
-92.40 -36.65
-92.37 -37.18
-92.11 -37.61
-91.62 -37.96
-90.91 -38.20
-89.96 -38.35
-88.79 -38.41
-87.38 -38.36
-85.75 -38.22
-83.88 -37.97
-81.78 -37.61
-79.44 -37.14
-76.86 -36.57
-74.04 -35.88
-70.98 -35.07
-67.67 -34.13
-64.11 -33.07
-60.29 -31.88
-56.21 -30.55
-51.85 -29.07
-47.22 -27.43
-42.30 -25.63
-37.08 -23.64
-31.54 -21.45
-25.68 -19.04
-19.47 -16.37
-12.88 -13.38
-5.90 -9.97
1.41 -5.91
8.45 -1.07
14.71 3.97
20.34 8.86
25.50 13.54
30.24 18.01
34.63 22.27
38.69 26.32
42.46 30.17
45.94 33.82
49.16 37.28
52.14 40.54
54.87 43.62
57.37 46.52
59.65 49.24
61.72 51.78
63.57 54.14
65.22 56.33
66.67 58.34
67.92 60.18
68.98 61.85
69.85 63.35
70.53 64.68
71.02 65.84
71.33 66.83
71.46 67.65
71.41 68.30
71.18 68.77
70.77 69.08
70.18 69.21
69.42 69.16
68.48 68.94
67.37 68.55
66.08 67.97
64.61 67.22
62.97 66.27
61.15 65.15
59.15 63.83
56.98 62.32
54.62 60.61
52.08 58.70
49.36 56.58
46.45 54.24
43.35 51.69
40.05 48.90
36.57 45.88
32.88 42.60
28.99 39.06
24.89 35.23
20.57 31.10
16.03 26.63
11.27 21.78
6.28 16.49
1.10 10.64
-4.11 4.06
-8.70 -3.08
-12.53 -10.04
-15.85 -16.63
-18.82 -22.84
-21.49 -28.71
-23.92 -34.24
-26.12 -39.47
-28.13 -44.39
-29.96 -49.03
-31.61 -53.39
-33.11 -57.48
-34.46 -61.31
-35.66 -64.88
-36.72 -68.21
-37.65 -71.28
-38.46 -74.12
-39.14 -76.71
-39.70 -79.07
-40.14 -81.20
-40.47 -83.09
-40.68 -84.75
-40.79 -86.19
-40.79 -87.39
-40.68 -88.37
-40.47 -89.13
-40.16 -89.65
-39.74 -89.95
-39.23 -90.03
-38.61 -89.88
-37.90 -89.49
-37.10 -88.88
-36.19 -88.04
-35.20 -86.97
-34.10 -85.66
-32.91 -84.11
-31.63 -82.32
-30.26 -80.29
-28.79 -78.01
-27.23 -75.47
-25.58 -72.68
-23.84 -69.63
-22.00 -66.30
-20.08 -62.70
-18.06 -58.81
-15.95 -54.62
-13.76 -50.12
-11.47 -45.29
-9.10 -40.12
-6.65 -34.57
-4.13 -28.63
-1.54 -22.23
1.07 -15.32
3.61 -7.81
5.77 0.36
7.11 8.58
7.92 16.27
8.46 23.45
8.82 30.16
9.05 36.44
9.18 42.34
9.23 47.87
9.21 53.05
9.14 57.90
9.01 62.44
8.84 66.67
8.63 70.60
8.38 74.24
8.10 77.61
7.79 80.70
7.46 83.51
7.10 86.06
6.72 88.35
6.32 90.38
5.91 92.16
5.47 93.68
5.03 94.95
4.57 95.97
4.10 96.74
3.61 97.26
3.12 97.54
2.63 97.57
2.12 97.35
1.61 96.89
1.10 96.18
0.59 95.23
0.07 94.02
-0.44 92.57
-0.95 90.86
-1.46 88.90
-1.97 86.69
-2.46 84.21
-2.95 81.47
-3.42 78.47
-3.89 75.19
-4.33 71.64
-4.76 67.80
-5.17 63.67
-5.55 59.25
-5.89 54.52
-6.20 49.47
-6.47 44.08
-6.67 38.35
-6.81 32.25
-6.86 25.75
-6.78 18.82
-6.52 11.43
-5.96 3.54
-4.75 -4.71
-2.83 -12.57
-0.67 -19.77
1.54 -26.39
3.76 -32.54
5.93 -38.25
8.06 -43.56
10.13 -48.51
12.14 -53.12
14.08 -57.41
15.95 -61.39
17.76 -65.07
19.49 -68.46
21.15 -71.58
22.74 -74.44
24.26 -77.03
25.70 -79.36
27.06 -81.44
28.35 -83.28
29.57 -84.87
30.70 -86.23
31.76 -87.35
32.74 -88.23
33.64 -88.89
34.47 -89.32
35.21 -89.51
35.87 -89.49
36.44 -89.24
36.94 -88.76
37.34 -88.06
37.67 -87.14
37.90 -86.00
38.04 -84.63
38.10 -83.04
38.06 -81.22
37.92 -79.18
37.69 -76.91
37.36 -74.42
36.92 -71.69
36.38 -68.74
35.74 -65.55
34.98 -62.12
34.10 -58.45
33.11 -54.53
31.98 -50.37
30.73 -45.95
29.34 -41.26
27.80 -36.30
26.11 -31.07
24.26 -25.53
22.23 -19.68
20.04 -13.49
17.71 -6.92
15.38 -0.13
12.91 6.53
10.12 12.93
6.98 18.96
3.56 24.52
-0.01 29.52
-3.57 33.99
-7.07 37.99
-10.47 41.55
-13.76 44.73
-16.92 47.56
-19.96 50.05
-22.87 52.22
-25.66 54.10
-28.32 55.68
-30.85 56.99
-33.26 58.03
-35.55 58.81
-37.71 59.34
-39.75 59.61
-41.67 59.64
-43.47 59.43
-45.16 58.98
-46.73 58.29
-48.18 57.37
-49.53 56.22
-50.76 54.84
-51.89 53.23
-52.92 51.39
-53.84 49.33
-54.66 47.04
-55.39 44.53
-56.01 41.78
-56.54 38.82
-56.98 35.62
-57.33 32.19
-57.59 28.53
-57.76 24.64
-57.85 20.51
-57.85 16.15
-57.76 11.57
-57.59 6.79
-57.33 1.88
-56.98 -3.04
-56.54 -7.80
-55.97 -12.29
-55.26 -16.42
-54.39 -20.20
-53.35 -23.62
-52.15 -26.70
-50.77 -29.43
-49.23 -31.84
-47.52 -33.93
-45.64 -35.71
-43.60 -37.18
-41.41 -38.36
-39.07 -39.23
-36.58 -39.81
-33.95 -40.09
-31.19 -40.07
-28.31 -39.75
-25.32 -39.13
-22.24 -38.21
-19.08 -37.00
-15.86 -35.49
-12.59 -33.70
-9.29 -31.66
-5.97 -29.38
-2.61 -26.87
0.79 -24.17
4.25 -21.27
7.81 -18.19
11.52 -14.93
15.30 -11.17
18.69 -6.81
21.74 -2.16
24.49 2.79
26.91 8.07
28.86 13.50
30.53 18.81
32.16 24.05
33.95 29.08
35.75 33.56
37.36 37.58
38.78 41.20
40.01 44.47
41.08 47.42
41.98 50.06
42.72 52.40
43.32 54.45
43.76 56.23
44.07 57.75
44.23 59.00
44.27 59.99
44.18 60.73
43.96 61.22
43.62 61.46
43.16 61.45
42.59 61.20
41.90 60.70
41.10 59.96
40.19 58.98
39.18 57.76
38.07 56.28
36.86 54.57
35.55 52.60
34.15 50.38
32.67 47.91
31.10 45.18
29.45 42.18
27.72 38.92
25.93 35.38
24.08 31.57
22.19 27.47
20.26 23.08
18.32 18.41
16.39 13.44
14.48 8.19
12.61 2.68
10.80 -3.06
9.01 -9.02
7.22 -15.19
5.36 -21.55
3.35 -28.06
1.14 -34.57
-1.19 -40.91
-3.48 -47.01
-5.65 -52.80
-7.65 -58.21
-9.52 -63.21
-11.27 -67.79
-12.90 -71.96
-14.45 -75.71
-15.90 -79.04
-17.27 -81.98
-18.56 -84.52
-19.76 -86.67
-20.88 -88.43
-21.91 -89.81
-22.85 -90.82
-23.69 -91.45
-24.43 -91.72
-25.06 -91.63
-25.58 -91.18
-25.98 -90.39
-26.25 -89.26
-26.40 -87.79
-26.41 -86.00
-26.28 -83.89
-26.02 -81.47
-25.61 -78.75
-25.07 -75.72
-24.38 -72.41
-23.55 -68.82
-22.58 -64.94
-21.49 -60.80
-20.26 -56.39
-18.93 -51.71
-17.48 -46.78
-15.94 -41.59
-14.32 -36.14
-12.64 -30.44
-10.92 -24.49
-9.20 -18.29
-7.50 -11.87
-5.85 -5.23
-4.30 1.57
-2.84 8.51
-1.48 15.52
-0.20 22.60
1.04 29.72
2.26 36.86
3.60 44.01
5.10 50.81
6.46 57.06
7.63 62.84
8.60 68.20
9.41 73.15
10.05 77.71
10.56 81.90
10.94 85.71
11.20 89.17
11.36 92.26
11.42 95.01
11.40 97.41
11.30 99.47
11.13 101.19
10.90 102.57
10.60 103.62
10.26 104.34
9.85 104.73
9.41 104.79
8.91 104.52
8.38 103.92
7.80 102.98
7.19 101.72
6.53 100.13
5.82 98.20
5.08 95.93
4.28 93.32
3.44 90.37
2.53 87.08
1.55 83.45
0.50 79.48
-0.64 75.18
-1.88 70.56
-3.22 65.65
-4.66 60.45
-6.19 54.99
-7.79 49.30
-9.45 43.39
-11.11 37.26
-12.77 30.91
-14.37 24.34
-15.89 17.56
-17.27 10.54
-18.46 3.30
-19.40 -4.18
-19.96 -11.83
-20.05 -19.48
-19.74 -26.93
-19.14 -34.11
-18.27 -41.02
-17.18 -47.63
-15.89 -53.93
-14.41 -59.89
-12.77 -65.51
-11.01 -70.77
-9.14 -75.67
-7.19 -80.20
-5.19 -84.37
-3.14 -88.18
-1.08 -91.63
1.00 -94.73
3.07 -97.48
5.14 -99.89
7.18 -101.96
9.19 -103.70
11.17 -105.11
13.11 -106.19
15.01 -106.95
16.86 -107.39
18.65 -107.51
20.39 -107.31
22.06 -106.79
23.67 -105.95
25.21 -104.80
26.68 -103.33
28.07 -101.53
29.38 -99.41
30.60 -96.97
31.73 -94.19
32.77 -91.07
33.71 -87.61
34.54 -83.81
35.26 -79.63
35.85 -75.09
36.31 -70.14
36.61 -64.78
36.71 -58.93
36.40 -52.77
35.82 -46.70
35.09 -40.63
34.22 -34.51
33.20 -28.31
32.01 -22.02
30.66 -15.62
29.13 -9.11
27.41 -2.47
25.48 4.30
23.34 11.23
20.95 18.31
18.30 25.59
15.30 33.12
11.85 40.64
8.31 47.39
4.82 53.57
1.40 59.28
-1.94 64.56
-5.20 69.44
-8.38 73.96
-11.49 78.11
-14.52 81.92
-17.46 85.39
-20.32 88.52
-23.10 91.33
-25.78 93.83
-28.37 96.00
-30.86 97.87
-33.25 99.43
-35.54 100.68
-37.73 101.64
-39.80 102.29
-41.76 102.65
-43.60 102.71
-45.32 102.48
-46.91 101.95
-48.38 101.13
-49.71 100.02
-50.90 98.61
-51.94 96.91
-52.84 94.92
-53.58 92.63
-54.16 90.05
-54.58 87.16
-54.82 83.98
-54.88 80.48
-54.76 76.67
-54.44 72.54
-53.91 68.09
-53.17 63.29
-52.18 58.13
-50.92 52.57
-49.28 46.57
-47.18 40.53
-44.92 34.61
-42.51 28.72
-39.96 22.80
-37.26 16.85
-34.40 10.84
-31.38 4.77
-28.20 -1.36
-24.86 -7.55
-21.37 -13.80
-17.76 -20.07
-14.04 -26.34
-10.25 -32.55
-6.42 -38.64
-2.58 -44.55
1.24 -50.25
5.03 -55.68
8.77 -60.85
12.45 -65.72
16.05 -70.29
19.57 -74.55
23.00 -78.52
26.33 -82.17
29.56 -85.52
32.67 -88.56
35.66 -91.30
38.53 -93.73
41.27 -95.87
43.88 -97.71
46.34 -99.26
48.67 -100.52
50.84 -101.49
52.87 -102.17
54.75 -102.57
56.47 -102.68
58.04 -102.51
59.44 -102.05
60.69 -101.31
61.77 -100.29
62.68 -98.98
63.42 -97.39
63.99 -95.51
64.38 -93.35
64.59 -90.89
64.60 -88.15
64.43 -85.11
64.05 -81.78
63.46 -78.15
62.64 -74.22
61.59 -69.97
60.27 -65.42
58.65 -60.55
56.68 -55.38
54.25 -49.99
51.40 -44.62
48.31 -39.35
45.04 -34.15
41.62 -28.99
38.07 -23.85
34.37 -18.73
30.53 -13.61
26.55 -8.51
22.43 -3.42
18.16 1.64
13.74 6.65
9.19 11.58
4.51 16.39
-0.25 21.05
-5.04 25.51
-9.83 29.75
-14.56 33.76
-19.18 37.54
-23.67 41.08
-28.00 44.38
-32.16 47.43
-36.13 50.23
-39.89 52.77
-43.43 55.06
-46.76 57.09
-49.85 58.86
-52.71 60.37
-55.32 61.61
-57.69 62.58
-59.81 63.29
-61.67 63.73
-63.27 63.89
-64.61 63.79
-65.69 63.41
-66.49 62.77
-67.02 61.85
-67.27 60.67
-67.24 59.22
-66.91 57.50
-66.28 55.51
-65.34 53.26
-64.07 50.76
-62.44 48.00
-60.43 44.99
-58.00 41.78
-55.09 38.47
-51.76 35.22
-48.18 32.11
-44.46 29.10
-40.63 26.16
-36.68 23.24
-32.63 20.35
-28.45 17.47
-24.14 14.60
-19.68 11.77
-15.07 8.99
-10.31 6.32
-5.43 3.83
-0.54 1.59
4.28 -0.44
8.98 -2.28
13.53 -3.95
17.93 -5.48
22.17 -6.88
26.25 -8.14
30.15 -9.29
33.88 -10.31
37.42 -11.21
40.78 -11.99
43.93 -12.64
46.87 -13.17
49.60 -13.56
52.10 -13.82
54.35 -13.96
56.35 -13.95
58.08 -13.82
59.53 -13.55
60.68 -13.15
61.51 -12.63
62.00 -11.99
62.15 -11.23
61.91 -10.38
61.28 -9.43
60.23 -8.41
58.73 -7.35
56.76 -6.29
54.31 -5.31
51.44 -4.48
48.23 -3.86
44.78 -3.40
41.13 -3.08
37.30 -2.83
33.27 -2.62
29.05 -2.44
24.64 -2.26
20.04 -2.08
15.26 -1.90
10.30 -1.75
5.18 -1.66
-0.06 -1.71
-5.30 -1.95
-10.40 -2.36
-15.32 -2.88
-20.03 -3.48
-24.52 -4.12
-28.80 -4.81
-32.87 -5.53
-36.72 -6.29
-40.35 -7.07
-43.75 -7.89
-46.93 -8.73
-49.88 -9.59
-52.59 -10.48
-55.07 -11.38
-57.30 -12.31
-59.28 -13.24
-61.01 -14.19
-62.48 -15.14
-63.69 -16.08
-64.63 -17.02
-65.30 -17.94
-65.70 -18.84
-65.83 -19.71
-65.67 -20.53
-65.23 -21.29
-64.51 -21.99
-63.51 -22.60
-62.24 -23.10
-60.70 -23.49
-58.91 -23.73
-56.90 -23.82
-54.68 -23.75
-52.30 -23.51
-49.77 -23.11
-47.12 -22.57
-44.38 -21.90
-41.53 -21.13
-38.60 -20.28
-35.56 -19.37
-32.42 -18.40
-29.16 -17.40
-25.76 -16.36
-22.21 -15.30
-18.48 -14.21
-14.55 -13.09
-10.39 -11.92
-5.99 -10.66
-1.36 -9.29
3.50 -7.75
8.50 -6.03
13.57 -4.14
18.62 -2.11
23.54 0.04
28.27 2.27
32.74 4.56
36.92 6.88
40.80 9.21
44.35 11.54
47.58 13.85
50.49 16.13
53.07 18.37
55.34 20.56
57.29 22.68
58.92 24.74
60.25 26.71
61.29 28.60
62.02 30.39
62.46 32.08
62.63 33.66
62.51 35.12
62.13 36.45
61.48 37.66
60.58 38.72
59.45 39.64
58.08 40.42
56.49 41.04
54.70 41.51
52.72 41.83
50.55 42.00
48.23 42.03
45.75 41.92
43.12 41.69
40.36 41.35
37.46 40.92
34.43 40.40
31.24 39.82
27.89 39.19
24.35 38.52
20.56 37.79
16.47 36.94
12.12 35.74
7.77 34.12
3.55 32.17
-0.55 29.98
-4.54 27.58
-8.42 25.02
-12.23 22.33
-15.95 19.56
-19.60 16.74
-23.16 13.94
-26.58 11.18
-29.82 8.50
-32.82 5.88
-35.55 3.31
-38.00 0.77
-40.15 -1.74
-42.00 -4.24
-43.52 -6.74
-44.73 -9.23
-45.60 -11.72
-46.12 -14.19
-46.29 -16.66
-46.09 -19.08
-45.52 -21.46
-44.58 -23.75
-43.27 -25.95
-41.59 -28.03
-39.55 -29.96
-37.16 -31.74
-34.43 -33.34
-31.36 -34.76
-27.93 -35.97
-24.11 -36.94
-19.94 -37.43
-15.77 -37.33
-11.77 -36.80
-7.93 -35.93
-4.26 -34.76
-0.75 -33.34
2.61 -31.68
5.84 -29.82
8.94 -27.77
11.91 -25.55
14.78 -23.19
17.56 -20.69
20.25 -18.08
22.88 -15.38
25.45 -12.61
27.97 -9.80
30.45 -6.99
32.87 -4.22
35.22 -1.52
37.44 1.08
39.51 3.55
41.38 5.92
43.03 8.17
44.43 10.34
45.58 12.42
46.46 14.43
47.07 16.37
47.40 18.26
47.45 20.09
47.21 21.88
46.67 23.62
45.82 25.32
44.66 26.97
43.18 28.58
41.37 30.14
39.20 31.64
36.66 33.08
33.72 34.42
30.35 35.65
26.50 36.70
22.16 37.45
17.42 37.68
12.63 37.34
7.94 36.59
3.37 35.48
-1.09 34.05
-5.42 32.33
-9.61 30.32
-13.66 28.06
-17.57 25.57
-21.33 22.86
-24.95 19.97
-28.43 16.92
-31.78 13.75
-35.00 10.48
-38.10 7.15
-41.09 3.82
-43.96 0.54
-46.69 -2.66
-49.25 -5.73
-51.61 -8.66
-53.73 -11.43
-55.60 -14.05
-57.20 -16.53
-58.51 -18.86
-59.54 -21.06
-60.28 -23.14
-60.72 -25.09
-60.86 -26.92
-60.71 -28.63
-60.25 -30.23
-59.49 -31.72
-58.43 -33.10
-57.06 -34.37
-55.37 -35.52
-53.38 -36.57
-51.05 -37.51
-48.41 -38.34
-45.42 -39.05
-42.08 -39.63
-38.38 -40.09
-34.30 -40.41
-29.79 -40.57
-24.83 -40.55
-19.30 -40.25
-13.49 -39.44
-7.80 -38.39
-2.16 -37.07
3.36 -35.44
8.74 -33.54
13.94 -31.40
18.98 -29.06
23.85 -26.54
28.57 -23.87
33.14 -21.07
37.58 -18.18
41.90 -15.21
46.09 -12.21
50.16 -9.22
54.08 -6.29
57.84 -3.46
61.39 -0.75
64.69 1.83
67.73 4.28
70.49 6.58
72.94 8.76
75.09 10.80
76.91 12.73
78.41 14.52
79.59 16.21
80.44 17.77
80.96 19.22
81.15 20.56
81.01 21.78
