-86.60 -50.00
-86.50 -49.90
-86.29 -49.73
-85.97 -49.49
-85.53 -49.19
-84.97 -48.83
-84.30 -48.39
-83.52 -47.89
-82.62 -47.33
-81.60 -46.70
-80.47 -46.00
-79.22 -45.23
-77.85 -44.39
-76.36 -43.48
-74.75 -42.51
-73.02 -41.46
-71.16 -40.35
-69.18 -39.16
-67.08 -37.90
-64.84 -36.57
-62.47 -35.16
-59.98 -33.67
-57.34 -32.11
-54.57 -30.46
-51.65 -28.74
-48.59 -26.93
-45.38 -25.04
-42.02 -23.06
-38.49 -20.98
-34.80 -18.81
-30.93 -16.54
-26.88 -14.17
-22.62 -11.68
-18.16 -9.07
-13.46 -6.33
-8.49 -3.43
-3.20 -0.35
2.17 2.84
7.08 5.59
11.59 8.04
15.79 10.30
19.74 12.39
23.46 14.34
26.99 16.17
30.32 17.87
33.49 19.47
36.48 20.96
39.32 22.36
42.01 23.66
44.56 24.86
46.96 25.98
49.23 27.02
51.36 27.97
53.37 28.83
55.25 29.62
57.00 30.33
58.64 30.97
60.15 31.53
61.55 32.01
62.83 32.42
64.00 32.76
65.05 33.03
66.00 33.23
66.83 33.36
67.56 33.42
68.18 33.41
68.69 33.33
69.09 33.18
69.39 32.97
69.59 32.69
69.68 32.34
69.67 31.93
69.56 31.45
69.34 30.90
69.03 30.29
68.61 29.61
68.09 28.87
67.47 28.06
66.75 27.18
65.93 26.24
65.01 25.23
63.99 24.15
62.88 23.01
61.66 21.79
60.34 20.51
58.93 19.16
57.42 17.74
55.81 16.25
54.10 14.69
52.29 13.06
50.39 11.35
48.39 9.57
46.30 7.71
44.11 5.77
41.83 3.75
39.46 1.64
37.01 -0.55
34.47 -2.83
31.85 -5.21
29.17 -7.69
26.44 -10.29
23.68 -12.99
20.92 -15.82
18.24 -18.74
15.69 -21.69
13.31 -24.57
11.05 -27.27
8.88 -29.76
6.76 -32.01
4.66 -34.03
2.57 -35.80
0.50 -37.32
-1.57 -38.60
-3.63 -39.63
-5.67 -40.41
-7.68 -40.93
-9.64 -41.20
-11.54 -41.22
-13.35 -41.02
-15.06 -40.59
-16.67 -39.96
-18.16 -39.15
-19.52 -38.17
-20.77 -37.03
-21.90 -35.76
-22.91 -34.36
-23.82 -32.85
-24.62 -31.22
-25.31 -29.49
-25.91 -27.67
-26.42 -25.75
-26.85 -23.75
-27.19 -21.67
-27.47 -19.50
-27.67 -17.27
-27.81 -14.95
-27.90 -12.57
-27.94 -10.12
-27.93 -7.60
-27.88 -5.02
-27.80 -2.38
-27.70 0.33
-27.58 3.09
-27.44 5.90
-27.30 8.77
-27.17 11.69
-27.05 14.66
-26.95 17.67
-26.87 20.71
-26.84 23.79
-26.85 26.90
-26.92 30.02
-27.05 33.16
-27.26 36.29
-27.55 39.40
-27.92 42.49
-28.39 45.53
-28.96 48.52
-29.62 51.42
-30.38 54.22
-31.22 56.91
-32.14 59.47
-33.12 61.88
-34.17 64.14
-35.26 66.24
-36.38 68.16
-37.52 69.91
-38.67 71.48
-39.81 72.87
-40.94 74.08
-42.05 75.11
-43.13 75.95
-44.17 76.62
-45.17 77.12
-46.11 77.44
-46.99 77.58
-47.81 77.56
-48.55 77.37
-49.23 77.01
-49.82 76.49
-50.33 75.81
-50.75 74.97
-51.08 73.98
-51.32 72.83
-51.45 71.53
-51.48 70.08
-51.41 68.48
-51.23 66.73
-50.94 64.84
-50.53 62.81
-50.01 60.63
-49.36 58.31
-48.59 55.84
-47.69 53.24
-46.66 50.49
-45.50 47.61
-44.20 44.57
-42.76 41.40
-41.17 38.07
-39.42 34.60
-37.52 30.96
-35.44 27.17
-33.17 23.20
-30.68 19.04
-27.94 14.69
-24.78 10.22
-21.38 5.97
-17.94 1.91
-14.50 -2.04
-11.02 -5.88
-7.51 -9.66
-3.95 -13.36
-0.33 -17.02
3.36 -20.61
7.14 -24.15
11.00 -27.64
14.99 -31.05
19.10 -34.38
23.35 -37.59
27.75 -40.63
32.25 -43.40
36.75 -45.87
41.14 -48.04
45.36 -49.98
49.42 -51.72
53.29 -53.28
56.98 -54.70
60.50 -55.99
63.84 -57.15
67.01 -58.20
70.01 -59.15
72.86 -59.99
75.54 -60.75
78.06 -61.41
80.43 -61.99
82.65 -62.49
84.71 -62.91
86.63 -63.26
88.40 -63.53
90.02 -63.72
91.50 -63.85
92.84 -63.91
94.03 -63.89
95.08 -63.82
95.99 -63.68
96.75 -63.47
97.38 -63.20
97.87 -62.87
98.22 -62.47
98.43 -62.02
98.51 -61.50
98.44 -60.92
98.23 -60.28
97.89 -59.59
97.41 -58.83
96.78 -58.01
96.02 -57.14
95.12 -56.20
94.07 -55.21
92.89 -54.16
91.56 -53.05
90.08 -51.87
88.46 -50.64
86.70 -49.35
84.79 -47.99
82.72 -46.58
80.51 -45.10
78.14 -43.56
75.62 -41.95
72.94 -40.28
70.09 -38.54
67.09 -36.73
63.91 -34.85
60.56 -32.90
57.04 -30.87
53.33 -28.77
49.43 -26.58
45.34 -24.31
41.05 -21.94
36.54 -19.48
31.80 -16.91
26.82 -14.23
21.58 -11.41
16.04 -8.44
10.16 -5.30
3.85 -2.00
-2.75 1.28
-9.23 4.61
-15.42 8.01
-21.30 11.39
-26.88 14.71
-32.19 17.96
-37.26 21.13
-42.10 24.22
-46.74 27.22
-51.17 30.15
-55.40 32.98
-59.46 35.74
-63.34 38.42
-67.05 41.01
-70.59 43.53
-73.97 45.96
-77.20 48.32
-80.27 50.59
-83.20 52.79
-85.97 54.91
-88.61 56.95
-91.11 58.92
-93.46 60.80
-95.68 62.61
-97.77 64.35
-99.73 66.00
-101.55 67.58
-103.25 69.08
-104.82 70.51
-106.26 71.86
-107.58 73.13
-108.78 74.33
-109.85 75.44
-110.80 76.48
-111.64 77.45
-112.35 78.33
-112.94 79.14
-113.42 79.87
-113.78 80.52
-114.03 81.10
-114.15 81.59
-114.17 82.00
-114.07 82.34
-113.85 82.59
-113.52 82.76
-113.08 82.85
-112.52 82.86
-111.85 82.79
-111.07 82.63
-110.18 82.39
-109.17 82.07
-108.05 81.66
-106.82 81.17
-105.47 80.59
-104.01 79.92
-102.44 79.16
-100.76 78.32
-98.96 77.39
-97.05 76.36
-95.02 75.25
-92.88 74.04
-90.62 72.74
-88.24 71.35
-85.74 69.86
-83.13 68.27
-80.39 66.58
-77.52 64.79
-74.54 62.90
-71.42 60.90
-68.17 58.79
-64.79 56.58
-61.28 54.24
-57.62 51.78
-53.82 49.20
-49.88 46.48
-45.79 43.62
-41.54 40.61
-37.14 37.42
-32.58 34.05
-27.87 30.46
-23.03 26.60
-18.16 22.44
-13.38 18.05
-8.74 13.54
-4.19 8.97
0.30 4.37
4.77 -0.26
9.25 -4.91
13.77 -9.59
18.38 -14.28
23.16 -18.91
28.05 -23.28
32.84 -27.33
37.47 -31.13
41.92 -34.73
46.21 -38.16
50.33 -41.42
54.29 -44.55
58.11 -47.53
61.77 -50.39
65.29 -53.13
68.68 -55.75
71.92 -58.25
75.04 -60.65
78.02 -62.93
80.88 -65.12
83.61 -67.20
86.22 -69.18
88.70 -71.07
91.07 -72.86
93.32 -74.55
95.45 -76.16
97.46 -77.67
99.37 -79.08
101.15 -80.41
102.83 -81.65
104.39 -82.80
105.85 -83.86
107.19 -84.83
108.42 -85.72
109.54 -86.52
110.56 -87.24
111.46 -87.86
112.26 -88.41
112.95 -88.86
113.53 -89.24
114.00 -89.52
114.37 -89.73
114.63 -89.85
114.78 -89.88
114.82 -89.83
114.75 -89.70
114.57 -89.48
114.29 -89.18
113.89 -88.79
113.39 -88.32
112.78 -87.76
112.05 -87.12
111.22 -86.39
110.27 -85.58
109.21 -84.68
108.04 -83.70
106.76 -82.63
105.36 -81.47
103.84 -80.23
102.21 -78.89
100.46 -77.47
98.60 -75.96
96.61 -74.36
94.50 -72.66
92.27 -70.88
89.91 -69.00
87.43 -67.03
84.81 -64.96
82.07 -62.79
79.19 -60.53
76.18 -58.16
73.03 -55.70
69.74 -53.13
66.30 -50.45
62.71 -47.66
58.97 -44.76
55.06 -41.75
51.00 -38.62
46.76 -35.36
42.33 -31.97
37.72 -28.45
32.90 -24.78
27.87 -20.96
22.59 -16.98
17.04 -12.81
11.16 -8.42
4.82 -3.79
-1.92 0.70
-8.39 5.16
-14.37 9.33
-20.01 13.29
-25.37 17.06
-30.49 20.67
-35.37 24.13
-40.04 27.45
-44.50 30.63
-48.78 33.69
-52.88 36.63
-56.80 39.45
-60.56 42.15
-64.15 44.75
-67.58 47.23
-70.87 49.62
-74.00 51.90
-76.98 54.07
-79.82 56.16
-82.53 58.14
-85.09 60.03
-87.51 61.82
-89.81 63.52
-91.97 65.13
-93.99 66.64
-95.89 68.07
-97.67 69.41
-99.31 70.66
-100.83 71.82
-102.23 72.89
-103.50 73.88
-104.65 74.77
-105.67 75.59
-106.58 76.31
-107.37 76.96
-108.03 77.51
-108.58 77.98
-109.01 78.37
-109.32 78.67
-109.51 78.88
-109.58 79.02
-109.53 79.06
-109.37 79.02
-109.09 78.90
-108.69 78.69
-108.17 78.40
-107.54 78.02
-106.78 77.55
-105.91 77.00
-104.92 76.36
-103.81 75.63
-102.58 74.82
-101.22 73.92
-99.75 72.93
-98.16 71.84
-96.44 70.67
-94.60 69.41
-92.63 68.06
-90.54 66.61
-88.33 65.07
-85.98 63.43
-83.51 61.70
-80.90 59.86
-78.16 57.93
-75.28 55.90
-72.27 53.76
-69.12 51.52
-65.82 49.18
-62.38 46.72
-58.79 44.15
-55.05 41.46
-51.15 38.65
-47.09 35.72
-42.85 32.66
-38.44 29.46
-33.85 26.12
-29.05 22.63
-24.04 18.97
-18.80 15.12
-13.29 11.03
-7.60 6.53
-2.04 1.83
3.48 -2.88
9.05 -7.59
14.80 -12.23
20.64 -16.55
26.31 -20.51
31.74 -24.22
36.96 -27.73
41.98 -31.07
46.81 -34.25
51.46 -37.29
55.93 -40.20
60.24 -42.98
64.38 -45.65
68.37 -48.20
72.20 -50.65
75.89 -52.99
79.44 -55.24
82.84 -57.38
86.11 -59.43
89.24 -61.39
92.24 -63.25
95.11 -65.03
97.85 -66.72
100.46 -68.32
102.95 -69.84
105.31 -71.28
107.55 -72.63
109.67 -73.90
111.67 -75.10
113.56 -76.21
115.32 -77.25
116.97 -78.21
118.50 -79.10
119.91 -79.90
121.22 -80.63
122.40 -81.29
123.48 -81.88
124.44 -82.38
125.29 -82.82
126.03 -83.18
126.66 -83.47
127.18 -83.69
127.58 -83.83
127.88 -83.90
128.06 -83.90
128.14 -83.83
128.10 -83.68
127.95 -83.47
127.69 -83.18
127.33 -82.81
126.85 -82.38
126.26 -81.87
125.55 -81.29
124.74 -80.64
123.81 -79.92
122.76 -79.12
121.61 -78.25
120.34 -77.31
118.95 -76.30
117.44 -75.21
115.82 -74.05
114.08 -72.81
112.21 -71.50
110.23 -70.12
108.12 -68.66
105.89 -67.13
103.53 -65.52
101.05 -63.84
98.43 -62.08
95.69 -60.25
92.81 -58.33
89.79 -56.34
86.64 -54.27
83.34 -52.12
79.90 -49.89
76.31 -47.58
72.57 -45.18
68.67 -42.70
64.61 -40.14
60.39 -37.49
55.98 -34.75
51.40 -31.92
46.63 -29.00
41.65 -25.99
36.46 -22.89
31.03 -19.69
25.35 -16.40
19.38 -13.05
13.08 -9.67
6.50 -6.40
-0.13 -3.30
-6.69 -0.19
-13.06 3.05
-19.07 6.37
-24.72 9.60
-30.07 12.72
-35.16 15.73
-40.00 18.64
-44.62 21.44
-49.03 24.14
-53.25 26.75
-57.27 29.27
-61.12 31.71
-64.78 34.06
-68.27 36.32
-71.60 38.51
-74.76 40.62
-77.76 42.66
-80.61 44.61
-83.30 46.50
-85.84 48.30
-88.23 50.04
-90.47 51.70
-92.57 53.29
-94.53 54.81
-96.34 56.25
-98.01 57.63
-99.55 58.93
-100.94 60.16
-102.20 61.32
-103.32 62.41
-104.31 63.43
-105.17 64.37
-105.89 65.25
-106.48 66.05
-106.93 66.78
-107.26 67.43
-107.45 68.02
-107.52 68.53
-107.45 68.96
-107.25 69.32
-106.92 69.61
-106.46 69.82
-105.87 69.95
-105.16 70.00
-104.31 69.97
-103.33 69.86
-102.22 69.68
-100.98 69.40
-99.60 69.05
-98.10 68.61
-96.46 68.08
-94.69 67.46
-92.79 66.75
-90.76 65.95
-88.59 65.06
-86.28 64.06
-83.84 62.97
-81.25 61.77
-78.54 60.47
-75.68 59.05
-72.68 57.52
-69.54 55.87
-66.25 54.10
-62.82 52.20
-59.25 50.16
-55.53 47.97
-51.66 45.63
-47.65 43.12
-43.49 40.44
-39.20 37.55
-34.78 34.45
-30.25 31.11
-25.65 27.50
-21.05 23.63
-16.50 19.51
-12.07 15.22
-7.74 10.82
-3.50 6.35
0.69 1.85
4.87 -2.68
9.09 -7.22
13.46 -11.67
17.84 -15.81
22.04 -19.64
26.02 -23.25
29.80 -26.65
33.38 -29.89
36.79 -32.95
40.02 -35.87
43.08 -38.63
45.99 -41.25
48.74 -43.73
51.34 -46.06
53.80 -48.27
56.11 -50.33
58.29 -52.27
60.34 -54.07
62.25 -55.74
64.03 -57.28
65.68 -58.70
67.21 -59.98
68.62 -61.14
69.90 -62.17
71.06 -63.07
72.10 -63.84
73.02 -64.49
73.83 -65.00
74.51 -65.39
75.09 -65.65
75.54 -65.78
75.88 -65.78
76.10 -65.64
76.21 -65.37
76.21 -64.97
76.09 -64.42
75.85 -63.74
75.50 -62.92
75.04 -61.95
74.45 -60.83
73.75 -59.56
72.94 -58.14
72.00 -56.54
70.95 -54.78
69.78 -52.84
68.48 -50.71
67.07 -48.37
65.54 -45.80
63.91 -42.97
62.22 -39.81
60.67 -36.32
59.41 -32.80
58.33 -29.44
57.34 -26.24
56.38 -23.19
55.46 -20.27
54.54 -17.47
53.62 -14.79
52.69 -12.22
51.74 -9.75
50.78 -7.38
49.80 -5.10
48.78 -2.92
47.74 -0.83
46.67 1.17
45.56 3.09
44.41 4.92
43.22 6.66
41.99 8.33
40.72 9.91
39.39 11.41
38.02 12.83
36.60 14.17
35.13 15.43
33.59 16.60
32.01 17.70
30.36 18.72
28.65 19.65
26.87 20.50
25.03 21.26
23.11 21.94
21.12 22.54
19.05 23.04
16.90 23.45
14.67 23.77
12.33 23.99
9.90 24.10
7.36 24.10
4.70 23.97
1.91 23.69
-1.03 23.24
-4.10 22.54
-7.25 21.50
-10.32 20.09
-13.21 18.36
-15.89 16.37
-18.33 14.15
-20.53 11.72
-22.45 9.08
-24.04 6.27
-25.23 3.42
-26.09 0.69
-26.73 -1.85
-27.21 -4.21
-27.58 -6.42
-27.86 -8.47
-28.05 -10.40
-28.16 -12.21
-28.20 -13.90
-28.17 -15.49
-28.08 -16.97
-27.93 -18.36
-27.72 -19.66
-27.45 -20.87
-27.12 -22.00
-26.74 -23.04
-26.31 -24.01
-25.82 -24.90
-25.28 -25.72
-24.70 -26.46
-24.06 -27.14
-23.37 -27.74
-22.63 -28.29
-21.85 -28.77
-21.02 -29.18
-20.14 -29.54
-19.22 -29.83
-18.25 -30.07
-17.23 -30.26
-16.17 -30.39
-15.07 -30.47
-13.92 -30.49
-12.73 -30.47
-11.49 -30.40
-10.20 -30.28
-8.88 -30.12
-7.51 -29.92
-6.09 -29.67
-4.63 -29.39
-3.13 -29.07
-1.59 -28.71
0.01 -28.32
1.64 -27.91
3.32 -27.46
5.05 -26.99
6.82 -26.50
8.64 -25.98
10.50 -25.46
12.41 -24.92
14.37 -24.38
16.38 -23.84
18.44 -23.30
20.55 -22.78
22.70 -22.28
24.91 -21.81
27.16 -21.39
29.46 -21.03
31.79 -20.75
34.15 -20.59
36.49 -20.56
38.78 -20.69
40.92 -20.98
42.87 -21.40
44.56 -21.88
46.01 -22.38
47.20 -22.85
48.15 -23.29
48.87 -23.66
49.36 -23.96
49.64 -24.18
49.70 -24.31
49.56 -24.35
49.22 -24.30
48.68 -24.16
47.94 -23.91
47.00 -23.57
45.85 -23.12
44.50 -22.58
42.94 -21.93
41.17 -21.18
39.16 -20.33
36.91 -19.39
34.39 -18.36
31.58 -17.28
28.45 -16.23
25.08 -15.35
21.67 -14.68
18.31 -14.13
15.00 -13.65
11.74 -13.21
8.53 -12.80
5.37 -12.38
2.25 -11.96
-0.84 -11.52
-3.89 -11.06
-6.91 -10.57
-9.90 -10.05
-12.86 -9.49
-15.80 -8.88
-18.70 -8.22
-21.59 -7.51
-24.44 -6.75
-27.27 -5.92
-30.07 -5.03
-32.85 -4.06
-35.59 -3.03
-38.30 -1.91
-40.99 -0.71
-43.63 0.58
-46.24 1.96
-48.80 3.44
-51.32 5.03
-53.77 6.73
-56.17 8.54
-58.48 10.47
-60.71 12.54
-62.82 14.73
-64.80 17.05
-66.61 19.50
-68.23 22.05
-69.63 24.68
-70.79 27.34
-71.70 30.01
-72.36 32.63
-72.79 35.18
-73.01 37.64
-73.02 39.98
-72.84 42.20
-72.49 44.30
-71.98 46.26
-71.32 48.08
-70.52 49.76
-69.58 51.30
-68.51 52.70
-67.32 53.96
-66.02 55.07
-64.60 56.05
-63.07 56.88
-61.44 57.56
-59.70 58.11
-57.87 58.50
-55.93 58.76
-53.90 58.87
-51.78 58.83
-49.56 58.64
-47.25 58.31
-44.85 57.82
-42.36 57.19
-39.78 56.40
-37.11 55.45
-34.36 54.35
-31.51 53.08
-28.58 51.65
-25.55 50.04
-22.44 48.26
-19.24 46.30
-15.94 44.14
-12.56 41.77
-9.10 39.19
-5.55 36.36
-1.94 33.26
1.69 29.86
5.28 26.15
8.73 22.16
12.01 17.94
15.11 13.56
18.05 9.02
20.82 4.35
23.42 -0.49
25.85 -5.49
28.02 -10.69
29.78 -15.93
31.19 -20.93
32.43 -25.65
33.54 -30.12
34.55 -34.35
35.47 -38.38
36.32 -42.21
37.10 -45.84
37.81 -49.30
38.46 -52.58
39.05 -55.70
39.58 -58.65
40.06 -61.44
40.48 -64.07
40.85 -66.55
41.17 -68.88
41.44 -71.06
41.66 -73.09
41.84 -74.98
