86.60 -50.00
86.58 -50.04
86.45 -50.01
86.21 -49.91
85.85 -49.75
85.37 -49.53
84.78 -49.23
84.08 -48.87
83.26 -48.44
82.32 -47.95
81.27 -47.39
80.09 -46.76
78.80 -46.06
77.39 -45.29
75.86 -44.45
74.20 -43.54
72.42 -42.55
70.52 -41.50
68.49 -40.37
66.33 -39.17
64.04 -37.89
61.61 -36.53
59.05 -35.09
56.35 -33.57
53.50 -31.97
50.51 -30.28
47.37 -28.51
44.07 -26.64
40.61 -24.68
36.97 -22.61
33.16 -20.45
29.17 -18.17
24.97 -15.77
20.55 -13.24
15.88 -10.56
10.94 -7.71
5.65 -4.64
-0.10 -1.17
-6.05 2.50
-11.61 5.95
-16.86 9.24
-21.84 12.39
-26.59 15.41
-31.11 18.31
-35.44 21.11
-39.57 23.80
-43.53 26.40
-47.32 28.89
-50.94 31.30
-54.40 33.62
-57.71 35.85
-60.87 38.00
-63.88 40.07
-66.75 42.05
-69.48 43.96
-72.08 45.78
-74.54 47.53
-76.86 49.21
-79.06 50.81
-81.13 52.34
-83.07 53.79
-84.88 55.17
-86.57 56.47
-88.14 57.71
-89.58 58.87
-90.90 59.96
-92.10 60.98
-93.18 61.93
-94.15 62.81
-94.99 63.62
-95.71 64.36
-96.32 65.02
-96.81 65.62
-97.18 66.14
-97.43 66.59
-97.57 66.98
-97.59 67.29
-97.49 67.52
-97.27 67.69
-96.94 67.78
-96.49 67.80
-95.92 67.74
-95.23 67.61
-94.42 67.40
-93.49 67.12
-92.45 66.76
-91.28 66.32
-89.99 65.80
-88.57 65.20
-87.04 64.52
-85.38 63.75
-83.59 62.90
-81.68 61.96
-79.63 60.93
-77.46 59.81
-75.16 58.59
-72.73 57.28
-70.16 55.87
-67.45 54.35
-64.61 52.73
-61.62 51.00
-58.50 49.16
-55.23 47.19
-51.81 45.10
-48.25 42.88
-44.53 40.52
-40.66 38.03
-36.63 35.38
-32.45 32.58
-28.09 29.63
-23.57 26.51
-18.86 23.22
-13.95 19.78
-8.84 16.21
-3.52 12.58
1.93 8.98
7.40 5.44
12.79 1.94
18.05 -1.53
23.16 -4.98
28.11 -8.42
32.87 -11.83
37.45 -15.22
41.85 -18.58
46.06 -21.89
50.09 -25.15
53.95 -28.36
57.62 -31.50
61.13 -34.59
64.47 -37.61
67.65 -40.56
70.66 -43.43
73.52 -46.23
76.24 -48.96
78.80 -51.60
81.21 -54.17
83.49 -56.65
85.63 -59.05
87.62 -61.37
89.49 -63.60
91.23 -65.75
92.83 -67.81
94.31 -69.79
95.66 -71.67
96.90 -73.47
98.01 -75.18
99.00 -76.80
99.88 -78.34
100.64 -79.78
101.28 -81.13
101.81 -82.39
102.24 -83.56
102.55 -84.64
102.75 -85.62
102.85 -86.52
102.83 -87.32
102.71 -88.03
102.49 -88.65
102.16 -89.18
101.73 -89.62
101.19 -89.96
100.55 -90.21
99.81 -90.36
98.96 -90.42
98.01 -90.39
96.96 -90.27
95.80 -90.04
94.54 -89.73
93.17 -89.31
91.71 -88.80
90.13 -88.20
88.46 -87.49
86.67 -86.68
84.78 -85.78
82.79 -84.76
80.68 -83.65
78.47 -82.43
76.15 -81.10
73.72 -79.66
71.17 -78.11
68.52 -76.45
65.74 -74.66
62.86 -72.76
59.86 -70.72
56.74 -68.56
53.50 -66.26
50.15 -63.82
46.67 -61.23
43.08 -58.48
39.36 -55.56
35.53 -52.46
31.59 -49.17
27.55 -45.66
23.42 -41.92
19.24 -37.92
15.07 -33.66
10.96 -29.17
6.96 -24.50
3.06 -19.69
-0.75 -14.77
-4.47 -9.78
-8.14 -4.71
-11.79 0.43
-15.44 5.65
-19.16 10.97
-23.09 16.29
-27.07 21.29
-30.89 26.00
-34.54 30.48
-38.02 34.76
-41.34 38.87
-44.51 42.81
-47.54 46.60
-50.44 50.24
-53.20 53.75
-55.83 57.11
-58.33 60.34
-60.72 63.45
-62.98 66.43
-65.12 69.28
-67.16 72.01
-69.08 74.62
-70.89 77.12
-72.59 79.49
-74.18 81.75
-75.67 83.90
-77.06 85.93
-78.34 87.84
-79.53 89.64
-80.62 91.33
-81.61 92.90
-82.50 94.37
-83.31 95.71
-84.01 96.95
-84.63 98.08
-85.16 99.09
-85.59 100.00
-85.94 100.79
-86.20 101.47
-86.37 102.03
-86.45 102.49
-86.45 102.84
-86.36 103.07
-86.19 103.19
-85.94 103.20
-85.60 103.10
-85.17 102.88
-84.67 102.55
-84.08 102.11
-83.41 101.55
-82.65 100.88
-81.82 100.09
-80.90 99.19
-79.90 98.17
-78.82 97.04
-77.65 95.78
-76.40 94.41
-75.07 92.91
-73.66 91.30
-72.17 89.56
-70.59 87.70
-68.92 85.71
-67.17 83.59
-65.34 81.35
-63.42 78.98
-61.41 76.47
-59.31 73.83
-57.13 71.05
-54.85 68.13
-52.48 65.07
-50.02 61.86
-47.46 58.50
-44.80 54.98
-42.04 51.31
-39.17 47.47
-36.20 43.45
-33.12 39.26
-29.91 34.88
-26.59 30.29
-23.13 25.49
-19.52 20.46
-15.76 15.15
-11.81 9.53
-7.63 3.44
-3.39 -2.57
1.02 -8.30
5.50 -13.57
9.81 -18.44
13.96 -22.99
17.95 -27.28
21.80 -31.34
25.51 -35.18
29.09 -38.82
32.55 -42.27
35.90 -45.53
39.12 -48.62
42.24 -51.54
45.24 -54.29
48.13 -56.89
50.92 -59.33
53.60 -61.62
56.18 -63.76
58.65 -65.76
61.02 -67.62
63.29 -69.34
65.46 -70.91
67.53 -72.36
69.49 -73.67
71.36 -74.85
73.12 -75.89
74.78 -76.81
76.34 -77.61
77.80 -78.27
79.16 -78.81
80.42 -79.23
81.57 -79.52
82.62 -79.69
83.56 -79.74
84.40 -79.66
85.13 -79.47
85.76 -79.16
86.27 -78.73
86.68 -78.17
86.97 -77.51
87.16 -76.72
87.22 -75.81
87.17 -74.79
87.00 -73.65
86.71 -72.40
86.30 -71.02
85.75 -69.53
85.08 -67.93
84.28 -66.21
83.34 -64.37
82.25 -62.43
81.02 -60.36
79.64 -58.19
78.10 -55.90
76.39 -53.50
74.51 -51.00
72.45 -48.39
70.19 -45.69
67.73 -42.90
65.04 -40.03
62.12 -37.11
58.95 -34.16
55.53 -31.23
51.87 -28.38
48.01 -25.65
44.01 -23.07
39.92 -20.64
35.79 -18.36
31.64 -16.21
27.49 -14.15
23.35 -12.18
19.22 -10.28
15.10 -8.44
11.00 -6.63
6.90 -4.86
2.83 -3.10
-1.24 -1.35
-5.31 0.40
-9.37 2.18
-13.43 4.00
-17.48 5.89
-21.53 7.87
-25.53 9.98
-29.40 12.28
-33.01 14.68
-36.31 17.07
-39.33 19.40
-42.10 21.62
-44.65 23.74
-46.98 25.75
-49.12 27.65
-51.07 29.45
-52.83 31.14
-54.42 32.72
-55.82 34.19
-57.06 35.57
-58.12 36.84
-59.01 38.00
-59.74 39.06
-60.29 40.02
-60.68 40.88
-60.90 41.63
-60.94 42.27
-60.81 42.81
-60.51 43.23
-60.04 43.54
-59.38 43.74
-58.54 43.81
-57.51 43.75
-56.28 43.57
-54.85 43.23
-53.20 42.73
-51.32 42.04
-49.19 41.10
-46.90 39.76
-44.85 38.14
-43.05 36.54
-41.42 35.01
-39.91 33.53
-38.50 32.11
-37.17 30.73
-35.92 29.40
-34.72 28.12
-33.59 26.87
-32.50 25.66
-31.45 24.49
-30.45 23.34
-29.48 22.23
-28.54 21.15
-27.64 20.10
-26.77 19.07
-25.92 18.07
-25.09 17.10
-24.29 16.15
-23.50 15.23
-22.74 14.33
-21.99 13.45
-21.26 12.59
-20.55 11.76
-19.85 10.95
-19.16 10.16
-18.48 9.39
-17.82 8.64
-17.16 7.91
-16.51 7.21
-15.87 6.52
-15.24 5.85
-14.61 5.20
-13.99 4.57
-13.37 3.97
-12.76 3.38
-12.15 2.81
-11.54 2.26
-10.93 1.73
-10.32 1.22
-9.71 0.73
-9.10 0.25
-8.49 -0.20
-7.88 -0.63
-7.26 -1.04
-6.63 -1.43
-6.00 -1.80
-5.36 -2.15
-4.71 -2.48
-4.05 -2.78
-3.38 -3.07
-2.69 -3.33
-1.99 -3.57
-1.26 -3.79
-0.50 -3.99
0.28 -4.17
1.11 -4.32
1.99 -4.46
2.97 -4.58
4.13 -4.70
5.33 -4.34
6.02 -3.57
6.11 -2.73
6.01 -2.24
5.95 -1.87
5.91 -1.59
5.88 -1.36
5.87 -1.17
5.86 -1.02
5.85 -0.90
5.85 -0.81
5.85 -0.74
5.85 -0.69
5.86 -0.67
5.86 -0.66
5.87 -0.66
5.88 -0.68
5.89 -0.72
5.90 -0.77
5.91 -0.83
5.93 -0.90
5.94 -0.99
5.96 -1.08
5.98 -1.19
6.00 -1.30
6.03 -1.43
6.05 -1.56
6.08 -1.70
6.11 -1.85
6.14 -2.01
6.18 -2.17
6.22 -2.34
6.26 -2.52
6.30 -2.71
6.35 -2.90
6.41 -3.10
6.47 -3.31
6.53 -3.52
6.60 -3.74
6.67 -3.96
6.75 -4.19
6.83 -4.43
6.92 -4.67
7.02 -4.91
7.12 -5.16
7.23 -5.42
7.35 -5.68
7.47 -5.95
7.61 -6.22
7.75 -6.50
7.91 -6.78
8.07 -7.07
8.25 -7.36
8.44 -7.66
8.64 -7.96
8.85 -8.27
9.08 -8.58
9.32 -8.90
9.58 -9.23
9.86 -9.56
10.16 -9.90
10.48 -10.25
10.83 -10.60
11.19 -10.97
11.59 -11.34
12.02 -11.72
12.49 -12.11
13.00 -12.52
13.55 -12.94
14.16 -13.37
14.83 -13.83
15.59 -14.31
16.45 -14.82
17.46 -15.35
18.74 -15.87
20.09 -16.00
21.09 -15.78
21.79 -15.35
22.21 -14.73
22.34 -13.93
22.21 -12.97
21.80 -11.84
21.09 -10.56
20.04 -9.11
18.58 -7.60
16.80 -6.27
14.98 -5.17
13.19 -4.20
11.43 -3.31
9.68 -2.48
7.94 -1.69
6.21 -0.93
4.48 -0.19
2.76 0.53
1.03 1.24
-0.70 1.95
-2.44 2.65
-4.18 3.36
-5.93 4.07
-7.70 4.78
-9.47 5.51
-11.25 6.25
-13.05 7.00
-14.86 7.77
-16.69 8.56
-18.54 9.36
-20.40 10.20
-22.28 11.05
-24.18 11.93
-26.10 12.85
-28.05 13.79
-30.01 14.77
-32.00 15.79
-34.02 16.84
-36.07 17.94
-38.14 19.08
-40.25 20.28
-42.38 21.53
-44.56 22.84
-46.77 24.21
-49.02 25.65
-51.31 27.18
-53.64 28.80
-56.03 30.52
-58.46 32.37
-60.94 34.37
-63.45 36.56
-65.92 39.02
-68.13 41.73
-69.96 44.43
-71.48 46.99
-72.75 49.39
-73.82 51.62
-74.70 53.68
-75.41 55.57
-75.97 57.31
-76.37 58.90
-76.64 60.33
-76.77 61.61
-76.78 62.75
-76.65 63.74
-76.40 64.59
-76.04 65.30
-75.55 65.87
-74.95 66.29
-74.23 66.58
-73.39 66.73
-72.45 66.74
-71.40 66.61
-70.23 66.34
-68.95 65.93
-67.57 65.39
-66.07 64.70
-64.47 63.88
-62.75 62.91
-60.93 61.80
-58.99 60.55
-56.95 59.15
-54.79 57.61
-52.52 55.92
-50.13 54.07
-47.63 52.08
-45.01 49.93
-42.26 47.62
-39.40 45.14
-36.40 42.50
-33.28 39.68
-30.02 36.69
-26.62 33.51
-23.07 30.13
-19.36 26.54
-15.49 22.72
-11.44 18.64
-7.21 14.25
-2.90 9.48
1.33 4.41
5.50 -0.78
9.72 -6.05
14.09 -11.25
18.56 -16.18
23.00 -20.80
27.33 -25.14
31.53 -29.23
35.60 -33.10
39.53 -36.77
43.33 -40.24
47.00 -43.55
50.54 -46.69
53.95 -49.66
57.23 -52.49
60.40 -55.17
63.44 -57.71
66.36 -60.11
69.16 -62.38
71.85 -64.52
74.42 -66.53
76.87 -68.43
79.21 -70.19
81.44 -71.85
83.56 -73.38
85.56 -74.80
87.45 -76.11
89.23 -77.31
90.90 -78.39
92.46 -79.38
93.91 -80.25
95.26 -81.02
96.49 -81.68
97.61 -82.25
98.62 -82.71
99.53 -83.07
100.32 -83.33
101.00 -83.49
101.58 -83.55
102.04 -83.51
102.40 -83.38
102.64 -83.15
102.77 -82.83
102.79 -82.41
102.70 -81.90
102.49 -81.29
102.18 -80.58
101.74 -79.79
101.19 -78.90
100.53 -77.92
99.75 -76.84
98.85 -75.68
97.83 -74.42
96.70 -73.07
95.44 -71.62
94.06 -70.09
92.55 -68.46
90.92 -66.74
89.16 -64.93
87.28 -63.03
85.26 -61.03
83.11 -58.94
80.82 -56.76
78.40 -54.48
75.84 -52.11
73.13 -49.65
70.28 -47.09
67.28 -44.43
64.13 -41.67
60.81 -38.82
57.34 -35.86
53.70 -32.80
49.89 -29.63
45.89 -26.35
41.70 -22.96
37.30 -19.45
32.68 -15.81
27.80 -12.05
22.62 -8.16
17.06 -4.23
11.23 -0.49
5.34 3.07
-0.60 6.55
-6.61 9.98
-12.74 13.40
-19.15 16.87
-25.28 20.15
-31.05 23.25
-36.54 26.19
-41.78 29.00
-46.79 31.69
-51.60 34.27
-56.21 36.74
-60.64 39.11
-64.89 41.39
-68.97 43.58
-72.88 45.67
-76.64 47.68
-80.24 49.60
-83.69 51.44
-87.00 53.20
-90.16 54.88
-93.17 56.49
-96.05 58.01
-98.80 59.46
-101.40 60.84
-103.88 62.14
-106.22 63.37
-108.44 64.53
-110.53 65.62
-112.49 66.64
-114.32 67.58
-116.04 68.46
-117.62 69.26
-119.09 70.00
-120.44 70.67
-121.66 71.27
-122.77 71.80
-123.76 72.27
-124.62 72.67
-125.37 72.99
-126.01 73.26
-126.52 73.45
-126.92 73.58
-127.20 73.64
-127.37 73.63
-127.42 73.55
-127.35 73.41
-127.16 73.20
-126.86 72.93
-126.44 72.58
-125.91 72.17
-125.25 71.69
-124.48 71.15
-123.59 70.54
-122.58 69.86
-121.45 69.11
-120.20 68.30
-118.83 67.42
-117.33 66.47
-115.71 65.46
-113.97 64.38
-112.10 63.23
-110.11 62.02
-107.99 60.74
-105.74 59.39
-103.36 57.97
-100.84 56.49
-98.20 54.94
-95.41 53.32
-92.49 51.64
-89.43 49.88
-86.23 48.06
-82.88 46.16
-79.38 44.20
-75.73 42.17
-71.92 40.06
-67.96 37.89
-63.83 35.64
-59.53 33.32
-55.05 30.93
-50.40 28.47
-45.55 25.93
-40.50 23.32
-35.24 20.65
-29.75 17.91
-24.03 15.13
-18.04 12.31
-11.79 9.52
-5.35 6.82
1.14 4.23
7.55 1.65
13.79 -1.02
19.73 -3.77
25.35 -6.53
30.65 -9.23
35.67 -11.84
40.43 -14.38
44.96 -16.82
49.28 -19.19
53.38 -21.48
57.29 -23.69
61.01 -25.82
64.54 -27.89
67.90 -29.89
71.09 -31.82
74.11 -33.68
76.96 -35.48
79.65 -37.22
82.18 -38.89
84.56 -40.51
86.78 -42.06
88.85 -43.55
90.77 -44.99
92.55 -46.36
94.17 -47.68
95.65 -48.94
96.99 -50.14
98.18 -51.28
99.23 -52.37
100.14 -53.39
100.90 -54.36
101.53 -55.27
102.02 -56.12
102.36 -56.92
102.57 -57.65
102.64 -58.32
102.57 -58.94
102.36 -59.49
102.01 -59.98
101.52 -60.41
100.89 -60.77
100.12 -61.07
99.21 -61.30
98.16 -61.47
96.97 -61.57
95.64 -61.60
94.16 -61.56
92.54 -61.45
90.78 -61.26
88.86 -60.99
86.80 -60.65
84.60 -60.22
82.24 -59.71
79.73 -59.10
77.06 -58.41
74.24 -57.61
71.26 -56.72
68.13 -55.71
64.83 -54.59
61.37 -53.34
57.74 -51.95
53.95 -50.42
50.00 -48.72
45.89 -46.82
41.64 -44.72
37.27 -42.37
32.84 -39.75
28.41 -36.87
24.06 -33.75
19.82 -30.46
15.70 -27.03
11.68 -23.51
7.77 -19.92
3.93 -16.26
0.16 -12.55
-3.55 -8.78
-7.23 -4.96
-10.90 -1.09
-14.56 2.86
-18.25 6.89
-22.04 11.03
-25.91 15.06
-29.51 18.67
-32.87 22.06
-36.00 25.26
-38.93 28.30
-41.67 31.19
-44.23 33.93
-46.62 36.54
-48.84 39.02
-50.90 41.36
-52.81 43.58
-54.57 45.67
-56.17 47.64
-57.63 49.49
-58.95 51.21
-60.12 52.81
-61.16 54.28
-62.06 55.63
-62.83 56.86
-63.47 57.96
-63.98 58.93
-64.36 59.77
-64.62 60.48
-64.76 61.06
-64.77 61.50
-64.67 61.81
-64.45 61.98
-64.12 62.01
-63.68 61.90
-63.13 61.64
-62.47 61.23
-61.71 60.67
-60.85 59.96
-59.89 59.08
-58.84 58.03
-57.71 56.82
-56.50 55.43
-55.21 53.86
-53.87 52.11
-52.47 50.16
-51.04 48.02
-49.59 45.68
-48.15 43.15
-46.75 40.42
-45.41 37.52
-44.17 34.47
-43.04 31.32
-42.03 28.11
-41.14 24.87
-40.36 21.64
-39.66 18.43
-39.03 15.28
-38.46 12.18
-37.93 9.14
-37.42 6.18
-36.93 3.29
-36.45 0.48
-35.96 -2.25
-35.47 -4.90
-34.95 -7.47
-34.41 -9.96
-33.84 -12.36
-33.24 -14.68
-32.59 -16.91
-31.90 -19.05
-31.15 -21.10
-30.35 -23.06
-29.49 -24.93
-28.57 -26.70
-27.58 -28.37
-26.52 -29.95
-25.38 -31.42
-24.16 -32.78
-22.86 -34.03
-21.47 -35.16
-19.99 -36.17
-18.41 -37.05
-16.74 -37.79
-14.97 -38.38
-13.09 -38.82
-11.11 -39.07
-9.04 -39.14
-6.87 -38.99
-4.62 -38.61
-2.31 -37.98
0.03 -37.09
2.37 -35.92
4.70 -34.47
6.97 -32.76
9.18 -30.78
11.33 -28.55
13.40 -26.06
15.40 -23.32
17.35 -20.32
19.27 -17.04
21.23 -13.47
23.41 -9.75
25.74 -6.18
28.07 -2.80
30.34 0.41
32.53 3.46
34.64 6.38
36.65 9.17
38.58 11.84
40.41 14.40
42.14 16.85
43.78 19.19
45.32 21.43
46.78 23.57
48.13 25.61
49.39 27.55
50.56 29.40
51.64 31.15
52.62 32.81
53.51 34.38
