0.00 100.00
-0.08 99.93
-0.16 99.74
-0.24 99.41
-0.32 98.95
-0.40 98.35
-0.48 97.63
-0.56 96.77
-0.64 95.77
-0.72 94.65
-0.80 93.38
-0.87 91.98
-0.95 90.45
-1.03 88.77
-1.11 86.96
-1.18 85.00
-1.26 82.90
-1.34 80.66
-1.41 78.27
-1.49 75.73
-1.56 73.04
-1.63 70.20
-1.71 67.20
-1.78 64.03
-1.85 60.71
-1.92 57.21
-1.98 53.54
-2.05 49.69
-2.11 45.66
-2.17 41.43
-2.23 36.99
-2.29 32.34
-2.34 27.45
-2.39 22.31
-2.42 16.89
-2.45 11.15
-2.45 4.99
-2.07 -1.67
-1.03 -8.09
0.03 -13.99
1.07 -19.54
2.11 -24.78
3.12 -29.75
4.13 -34.48
5.12 -38.98
6.09 -43.27
7.05 -47.36
8.00 -51.25
8.93 -54.96
9.85 -58.48
10.75 -61.83
11.64 -65.02
12.52 -68.03
13.39 -70.88
14.24 -73.58
15.08 -76.12
15.90 -78.50
16.71 -80.74
17.51 -82.82
18.30 -84.76
19.07 -86.55
19.83 -88.20
20.57 -89.70
21.30 -91.06
22.02 -92.29
22.73 -93.37
23.42 -94.31
24.09 -95.11
24.75 -95.78
25.40 -96.31
26.03 -96.70
26.65 -96.95
27.25 -97.07
27.83 -97.04
28.40 -96.89
28.96 -96.59
29.50 -96.15
30.02 -95.58
30.52 -94.87
31.01 -94.02
31.47 -93.03
31.92 -91.89
32.35 -90.62
32.76 -89.20
33.15 -87.63
33.52 -85.92
33.86 -84.06
34.18 -82.05
34.47 -79.89
34.74 -77.57
34.99 -75.10
35.20 -72.46
35.38 -69.66
35.52 -66.70
35.63 -63.55
35.70 -60.23
35.72 -56.73
35.69 -53.04
35.60 -49.14
35.43 -45.04
35.18 -40.72
34.82 -36.16
34.30 -31.37
33.57 -26.36
32.55 -21.19
31.22 -15.95
29.61 -10.75
27.75 -5.62
25.69 -0.57
23.43 4.40
20.99 9.29
18.36 14.10
15.52 18.82
12.47 23.42
9.19 27.83
5.75 31.95
2.24 35.76
-1.25 39.28
-4.70 42.54
-8.10 45.57
-11.44 48.38
-14.72 50.98
-17.93 53.39
-21.08 55.61
-24.16 57.65
-27.18 59.51
-30.13 61.20
-33.01 62.73
-35.82 64.08
-38.56 65.28
-41.22 66.31
-43.81 67.18
-46.33 67.90
-48.77 68.46
-51.13 68.87
-53.40 69.12
-55.59 69.22
-57.69 69.17
-59.70 68.97
-61.61 68.63
-63.42 68.13
-65.13 67.49
-66.73 66.70
-68.22 65.77
-69.59 64.70
-70.84 63.49
-71.95 62.15
-72.93 60.67
-73.76 59.06
-74.44 57.34
-74.96 55.49
-75.32 53.54
-75.50 51.48
-75.49 49.34
-75.30 47.12
-74.91 44.83
-74.32 42.50
-73.53 40.14
-72.54 37.76
-71.35 35.39
-69.97 33.05
-68.41 30.74
-66.68 28.48
-64.79 26.28
-62.75 24.15
-60.58 22.10
-58.28 20.13
-55.87 18.25
-53.36 16.44
-50.76 14.73
-48.08 13.09
-45.32 11.54
-42.50 10.06
-39.62 8.66
-36.68 7.33
-33.69 6.07
-30.66 4.87
-27.59 3.73
-24.49 2.65
-21.35 1.62
-18.19 0.63
-14.99 -0.31
-11.78 -1.22
-8.54 -2.11
-5.29 -2.97
-2.02 -3.82
1.26 -4.66
4.56 -5.50
7.86 -6.36
11.17 -7.24
14.48 -8.16
17.77 -9.14
21.05 -10.18
24.27 -11.32
27.42 -12.57
30.43 -13.94
33.24 -15.40
35.80 -16.90
38.11 -18.39
40.17 -19.82
41.99 -21.19
43.58 -22.46
44.96 -23.63
46.13 -24.70
47.10 -25.66
47.87 -26.51
48.45 -27.26
48.84 -27.91
49.03 -28.45
49.04 -28.88
48.85 -29.21
48.46 -29.45
47.87 -29.59
47.07 -29.63
46.06 -29.59
44.82 -29.48
43.35 -29.29
41.62 -29.07
39.63 -28.83
37.37 -28.65
34.90 -28.61
32.33 -28.76
29.75 -29.07
27.22 -29.51
24.76 -30.04
22.38 -30.61
20.08 -31.22
17.85 -31.85
15.69 -32.49
13.61 -33.13
11.59 -33.76
9.65 -34.37
7.77 -34.97
5.95 -35.54
4.20 -36.08
2.51 -36.60
0.88 -37.08
-0.69 -37.53
-2.20 -37.94
-3.66 -38.31
-5.05 -38.64
-6.38 -38.93
-7.66 -39.18
-8.88 -39.37
-10.05 -39.53
-11.16 -39.63
-12.21 -39.68
-13.20 -39.69
-14.14 -39.64
-15.03 -39.54
-15.85 -39.38
-16.62 -39.17
-17.33 -38.91
-17.99 -38.59
-18.59 -38.21
-19.13 -37.77
-19.62 -37.27
-20.04 -36.71
-20.41 -36.09
-20.72 -35.40
-20.97 -34.65
-21.16 -33.83
-21.29 -32.95
-21.36 -32.00
-21.37 -30.98
-21.31 -29.89
-21.20 -28.73
-21.02 -27.49
-20.77 -26.18
-20.46 -24.79
-20.08 -23.32
-19.63 -21.77
-19.11 -20.13
-18.52 -18.41
-17.86 -16.60
-17.13 -14.69
-16.32 -12.68
-15.43 -10.57
-14.46 -8.35
-13.41 -6.01
-12.28 -3.54
-11.07 -0.92
-9.77 1.88
-8.41 5.01
-6.77 7.87
-4.86 10.30
-2.75 12.29
-0.58 13.82
1.47 14.98
3.35 15.90
5.08 16.63
6.68 17.22
8.17 17.69
9.55 18.05
10.84 18.31
12.04 18.47
13.17 18.55
14.22 18.55
15.20 18.47
16.12 18.32
16.99 18.10
17.79 17.80
18.54 17.45
19.25 17.03
19.90 16.55
20.51 16.01
21.08 15.41
21.61 14.75
22.11 14.04
22.56 13.28
22.99 12.47
23.38 11.60
23.75 10.69
24.09 9.73
24.40 8.72
24.69 7.66
24.96 6.56
25.22 5.41
25.45 4.22
25.67 2.99
25.88 1.71
26.08 0.39
26.27 -0.97
26.45 -2.37
26.63 -3.81
26.80 -5.28
26.98 -6.80
27.16 -8.35
27.35 -9.94
27.55 -11.57
27.76 -13.23
27.99 -14.92
28.24 -16.65
28.52 -18.41
28.82 -20.21
29.15 -22.03
29.53 -23.88
29.95 -25.76
30.43 -27.66
30.96 -29.59
31.57 -31.53
32.25 -33.47
33.03 -35.42
33.92 -37.35
34.93 -39.25
36.07 -41.09
37.35 -42.81
38.75 -44.36
40.23 -45.70
41.74 -46.79
43.21 -47.62
44.60 -48.22
45.88 -48.58
47.04 -48.75
48.07 -48.72
48.95 -48.51
49.69 -48.14
50.28 -47.60
50.72 -46.92
51.00 -46.09
51.13 -45.13
51.10 -44.02
50.91 -42.79
50.57 -41.43
50.06 -39.94
49.39 -38.32
48.56 -36.58
47.56 -34.72
46.39 -32.73
45.04 -30.61
43.51 -28.36
41.79 -25.99
39.87 -23.48
37.74 -20.84
35.36 -18.06
32.69 -15.17
29.67 -12.22
26.37 -9.44
22.98 -6.86
19.59 -4.44
16.20 -2.10
12.81 0.15
9.41 2.36
6.00 4.52
2.57 6.66
-0.88 8.76
-4.35 10.86
-7.86 12.94
-11.41 15.02
-15.00 17.10
-18.64 19.20
-22.34 21.31
-26.10 23.45
-29.94 25.62
-33.86 27.84
-37.87 30.13
-42.00 32.51
-46.26 35.05
-50.56 37.91
-54.52 40.95
-58.10 43.87
-61.41 46.64
-64.48 49.27
-67.35 51.75
-70.02 54.10
-72.50 56.32
-74.82 58.40
-76.97 60.36
-78.97 62.20
-80.81 63.92
-82.50 65.52
-84.05 67.01
-85.46 68.37
-86.73 69.63
-87.86 70.77
-88.86 71.81
-89.73 72.73
-90.46 73.55
-91.07 74.25
-91.55 74.85
-91.90 75.34
-92.13 75.72
-92.23 76.00
-92.21 76.17
-92.06 76.23
-91.79 76.19
-91.40 76.04
-90.88 75.79
-90.25 75.42
-89.49 74.95
-88.61 74.38
-87.60 73.69
-86.48 72.90
-85.23 71.99
-83.85 70.98
-82.35 69.86
-80.73 68.62
-78.98 67.27
-77.10 65.81
-75.10 64.23
-72.97 62.54
-70.70 60.72
-68.30 58.79
-65.77 56.74
-63.11 54.56
-60.30 52.25
-57.35 49.81
-54.25 47.24
-51.01 44.53
-47.62 41.68
-44.06 38.69
-40.35 35.55
-36.46 32.24
-32.40 28.77
-28.15 25.13
-23.70 21.30
-19.03 17.26
-14.12 13.01
-8.94 8.49
-3.42 3.64
2.36 -1.59
8.26 -6.60
14.00 -11.05
19.43 -15.19
24.58 -19.09
29.48 -22.78
34.17 -26.28
38.65 -29.61
42.93 -32.79
47.03 -35.82
50.95 -38.71
54.70 -41.46
58.29 -44.08
61.72 -46.58
64.99 -48.95
68.12 -51.21
71.09 -53.36
73.92 -55.39
76.61 -57.31
79.16 -59.12
81.57 -60.83
83.84 -62.44
85.98 -63.94
87.99 -65.34
89.87 -66.65
91.61 -67.85
93.23 -68.96
94.72 -69.97
96.08 -70.88
97.32 -71.70
98.43 -72.43
99.41 -73.06
100.28 -73.60
101.01 -74.05
101.62 -74.41
102.11 -74.67
102.48 -74.85
102.72 -74.93
102.84 -74.92
102.83 -74.83
102.70 -74.64
102.45 -74.36
102.07 -73.99
101.57 -73.53
100.94 -72.98
100.19 -72.34
99.31 -71.60
98.30 -70.78
97.16 -69.86
95.90 -68.85
94.50 -67.75
92.98 -66.56
91.32 -65.27
89.52 -63.88
87.59 -62.40
85.52 -60.83
83.31 -59.15
80.96 -57.38
78.46 -55.50
75.82 -53.53
73.02 -51.45
70.07 -49.26
66.96 -46.97
63.69 -44.56
60.25 -42.05
56.63 -39.41
52.83 -36.66
48.83 -33.78
44.63 -30.77
40.22 -27.63
35.56 -24.34
30.64 -20.90
25.39 -17.30
19.70 -13.59
13.76 -10.13
7.96 -6.85
2.25 -3.62
-3.41 -0.39
-9.06 2.91
-14.61 6.44
-19.76 10.02
-24.57 13.44
-29.10 16.70
-33.38 19.83
-37.44 22.82
-41.29 25.68
-44.94 28.42
-48.39 31.04
-51.66 33.55
-54.75 35.94
-57.67 38.22
-60.41 40.39
-62.99 42.45
-65.41 44.41
-67.67 46.26
-69.77 48.00
-71.71 49.64
-73.51 51.17
-75.15 52.60
-76.64 53.92
-77.99 55.14
-79.19 56.25
-80.25 57.26
-81.16 58.16
-81.93 58.96
-82.55 59.65
-83.03 60.23
-83.37 60.70
-83.57 61.06
-83.63 61.31
-83.54 61.45
-83.32 61.47
-82.95 61.37
-82.43 61.16
-81.78 60.82
-80.97 60.36
-80.02 59.77
-78.93 59.04
-77.68 58.18
-76.28 57.17
-74.73 56.00
-73.02 54.67
-71.15 53.17
-69.12 51.47
-66.94 49.54
-64.62 47.34
-62.22 44.81
-59.97 41.96
-57.99 39.03
-56.22 36.18
-54.58 33.42
-53.03 30.76
-51.56 28.20
-50.14 25.72
-48.77 23.33
-47.44 21.02
-46.12 18.79
-44.83 16.64
-43.56 14.56
-42.30 12.55
-41.04 10.62
-39.78 8.75
-38.53 6.95
-37.27 5.21
-36.00 3.54
-34.73 1.94
-33.44 0.40
-32.14 -1.08
-30.82 -2.50
-29.48 -3.85
-28.12 -5.14
-26.74 -6.37
-25.33 -7.53
-23.89 -8.64
-22.42 -9.68
-20.91 -10.66
-19.37 -11.57
-17.78 -12.42
-16.16 -13.21
-14.48 -13.93
-12.76 -14.59
-10.98 -15.17
-9.14 -15.69
-7.23 -16.13
-5.25 -16.50
-3.18 -16.79
-1.01 -17.00
1.27 -17.10
3.69 -17.08
6.28 -16.87
8.99 -16.31
11.57 -15.34
13.89 -14.06
15.95 -12.53
17.74 -10.78
19.22 -8.81
20.35 -6.68
21.07 -4.49
21.43 -2.45
21.62 -0.63
21.70 1.00
21.72 2.48
21.68 3.83
21.59 5.06
21.45 6.19
21.27 7.23
21.06 8.17
20.81 9.04
20.53 9.84
20.21 10.56
19.86 11.22
19.48 11.81
19.06 12.34
18.62 12.82
18.15 13.25
17.65 13.62
17.12 13.94
16.57 14.22
15.99 14.45
15.38 14.64
14.75 14.79
14.09 14.90
13.41 14.97
12.70 15.00
11.97 15.00
11.22 14.97
10.45 14.91
9.65 14.81
8.83 14.69
7.99 14.54
7.13 14.36
6.24 14.17
5.34 13.94
4.42 13.70
3.48 13.44
2.51 13.16
1.53 12.86
0.53 12.55
-0.48 12.22
-1.52 11.88
-2.57 11.54
-3.64 11.18
-4.73 10.82
-5.84 10.46
-6.96 10.09
-8.10 9.72
-9.25 9.36
-10.42 9.00
-11.60 8.66
-12.80 8.32
-14.02 7.99
-15.25 7.69
-16.49 7.41
-17.74 7.15
-19.01 6.93
-20.29 6.74
-21.58 6.60
-22.87 6.51
-24.18 6.48
-25.49 6.52
-26.79 6.65
-28.08 6.88
-29.35 7.22
-30.56 7.71
-31.69 8.36
-32.65 9.17
-33.38 10.12
-33.82 11.13
-33.96 12.14
-33.81 13.09
-33.37 13.96
-32.67 14.73
-31.72 15.38
-30.52 15.91
-29.07 16.31
-27.38 16.57
-25.42 16.70
-23.19 16.68
-20.64 16.49
-17.64 16.09
-14.74 15.71
-12.03 15.38
-9.45 15.06
-6.97 14.73
-4.55 14.38
-2.20 14.00
0.09 13.59
2.34 13.15
4.55 12.68
6.72 12.17
8.85 11.62
10.95 11.02
13.03 10.38
15.07 9.70
17.10 8.97
19.09 8.19
21.07 7.36
23.03 6.47
24.97 5.54
26.89 4.55
28.79 3.51
30.68 2.41
32.56 1.24
34.42 0.02
36.27 -1.26
38.11 -2.61
39.94 -4.03
41.77 -5.52
43.59 -7.08
45.40 -8.72
47.21 -10.44
49.01 -12.24
50.81 -14.13
52.62 -16.12
54.42 -18.21
56.23 -20.41
58.04 -22.74
59.85 -25.21
61.66 -27.84
63.46 -30.66
65.20 -33.74
66.68 -37.09
67.75 -40.40
68.53 -43.48
69.11 -46.34
69.52 -48.98
69.80 -51.42
69.94 -53.68
69.97 -55.75
69.89 -57.64
69.70 -59.36
69.41 -60.92
69.03 -62.31
68.54 -63.55
67.97 -64.63
67.30 -65.55
66.54 -66.32
65.70 -66.93
64.76 -67.40
63.74 -67.72
62.64 -67.88
61.45 -67.90
60.17 -67.77
58.81 -67.49
57.36 -67.06
55.83 -66.48
54.22 -65.76
52.52 -64.88
50.73 -63.85
48.86 -62.66
46.89 -61.32
44.84 -59.83
42.70 -58.18
40.47 -56.36
38.15 -54.38
35.73 -52.23
33.21 -49.92
30.60 -47.42
27.88 -44.75
25.05 -41.88
22.12 -38.82
19.06 -35.55
15.89 -32.06
12.60 -28.32
9.18 -24.32
5.66 -20.01
2.10 -15.35
-1.41 -10.38
-4.82 -5.19
-8.20 0.15
-11.63 5.58
-15.20 10.96
-18.87 16.13
-22.55 21.04
-26.17 25.69
-29.71 30.10
-33.15 34.30
-36.50 38.29
-39.75 42.09
-42.89 45.72
-45.94 49.17
-48.88 52.45
-51.72 55.58
-54.47 58.55
-57.11 61.38
-59.66 64.06
-62.11 66.60
-64.47 69.00
-66.73 71.26
-68.89 73.40
-70.96 75.40
-72.93 77.28
-74.81 79.03
-76.60 80.65
-78.29 82.16
-79.89 83.54
-81.39 84.81
-82.80 85.96
-84.12 86.99
-85.34 87.91
-86.47 88.71
-87.50 89.40
-88.44 89.98
-89.29 90.45
-90.04 90.80
-90.69 91.05
-91.25 91.19
-91.71 91.22
-92.07 91.15
-92.34 90.96
-92.51 90.67
-92.58 90.27
-92.55 89.77
-92.42 89.17
-92.19 88.45
-91.85 87.64
-91.42 86.72
-90.88 85.69
-90.23 84.56
-89.48 83.33
-88.62 82.00
-87.65 80.56
-86.57 79.01
-85.38 77.37
-84.07 75.62
-82.65 73.77
-81.11 71.81
-79.46 69.75
-77.68 67.58
-75.79 65.31
-73.77 62.93
-71.62 60.45
-69.34 57.85
-66.93 55.15
-64.39 52.34
-61.71 49.41
-58.89 46.36
-55.92 43.20
-52.80 39.92
-49.53 36.50
-46.09 32.96
-42.47 29.27
-38.67 25.44
-34.67 21.44
-30.43 17.27
-25.90 12.88
-21.09 8.51
-16.34 4.46
-11.64 0.52
-6.95 -3.33
-2.25 -7.12
2.50 -10.85
7.31 -14.54
12.22 -18.18
17.26 -21.73
22.45 -25.13
27.73 -28.22
32.89 -30.99
37.86 -33.51
42.63 -35.83
47.21 -37.99
51.59 -40.01
55.79 -41.90
59.81 -43.67
63.67 -45.33
67.36 -46.89
70.89 -48.35
74.26 -49.72
77.48 -50.99
80.55 -52.18
83.47 -53.28
86.25 -54.30
88.89 -55.24
91.39 -56.09
93.74 -56.87
95.97 -57.58
98.05 -58.21
100.01 -58.76
101.83 -59.25
103.52 -59.66
105.08 -59.99
106.51 -60.26
107.81 -60.46
108.99 -60.59
110.03 -60.65
110.95 -60.64
111.74 -60.56
112.41 -60.41
112.94 -60.20
113.36 -59.92
113.64 -59.57
113.80 -59.15
113.83 -58.67
113.73 -58.12
113.50 -57.50
113.15 -56.82
112.66 -56.07
112.04 -55.26
111.30 -54.38
110.41 -53.44
109.40 -52.43
108.25 -51.37
106.96 -50.24
105.54 -49.05
103.97 -47.80
102.27 -46.48
100.43 -45.11
98.44 -43.68
96.30 -42.20
94.02 -40.66
91.59 -39.06
89.01 -37.40
86.28 -35.70
83.39 -33.94
80.34 -32.13
77.13 -30.27
73.76 -28.36
70.22 -26.41
66.52 -24.41
62.64 -22.37
58.58 -20.29
54.34 -18.18
49.92 -16.03
45.31 -13.86
40.52 -11.66
35.53 -9.45
30.35 -7.22
24.98 -5.00
19.43 -2.78
13.71 -0.57
7.86 1.63
1.91 3.83
-4.07 6.05
-9.98 8.32
-15.71 10.60
-21.20 12.84
-26.45 14.99
-31.45 17.04
-36.22 18.98
-40.78 20.81
-45.12 22.53
-49.25 24.15
-53.19 25.68
-56.94 27.11
-60.50 28.45
-63.88 29.71
-67.08 30.89
-70.11 32.00
-72.98 33.04
-75.68 34.00
-78.22 34.90
-80.60 35.73
-82.83 36.51
-84.91 37.22
-86.84 37.87
-88.61 38.46
-90.25 39.00
-91.74 39.48
-93.08 39.91
-94.29 40.28
-95.35 40.60
