-150.00 150.00
-149.33 149.34
-148.11 148.17
-146.34 146.49
-144.01 144.28
-141.13 141.55
-137.69 138.30
-133.67 134.50
-129.08 130.17
-123.90 125.28
-118.12 119.84
-111.72 113.81
-104.69 107.20
-97.01 99.97
-88.65 92.12
-79.59 83.61
-69.79 74.43
-59.20 64.53
-47.77 53.88
-35.44 42.43
-22.12 30.16
-7.75 17.05
7.68 3.16
23.50 -10.60
38.58 -23.16
52.82 -34.63
66.07 -45.15
78.32 -54.71
89.68 -63.42
100.21 -71.35
109.96 -78.55
118.97 -85.06
127.27 -90.92
134.88 -96.16
141.82 -100.80
148.11 -104.85
153.76 -108.34
158.78 -111.29
163.17 -113.69
166.95 -115.57
170.13 -116.94
172.69 -117.80
174.65 -118.16
176.01 -118.03
176.78 -117.41
176.95 -116.31
176.52 -114.74
175.50 -112.70
173.88 -110.19
171.66 -107.21
168.85 -103.78
165.44 -99.88
161.43 -95.53
156.82 -90.72
151.60 -85.45
145.78 -79.72
139.35 -73.54
132.30 -66.90
124.63 -59.81
116.34 -52.26
107.43 -44.27
97.89 -35.83
87.74 -26.98
76.97 -17.76
65.61 -8.26
53.66 1.38
41.17 10.97
28.39 20.21
15.61 28.73
3.14 36.32
-8.73 42.98
-19.97 48.72
-30.48 53.45
-40.17 57.29
-48.99 60.36
-56.96 62.76
-64.15 64.58
-70.57 65.83
-76.28 66.55
-81.28 66.75
-85.61 66.43
-89.26 65.59
-92.23 64.26
-94.52 62.44
-96.13 60.17
-97.08 57.49
-97.42 54.46
-97.17 51.15
-96.38 47.60
-95.05 43.85
-93.18 39.95
-90.80 35.92
-87.89 31.79
-84.45 27.58
-80.50 23.32
-76.01 19.02
-70.98 14.71
-65.41 10.42
-59.29 6.16
-52.59 1.96
-45.30 -2.14
-37.40 -6.09
-28.86 -9.85
-19.65 -13.33
-9.77 -16.40
0.71 -18.90
11.65 -20.72
22.97 -21.82
34.59 -22.11
46.31 -21.54
57.69 -20.37
68.42 -18.86
78.31 -17.19
87.35 -15.40
95.55 -13.56
102.95 -11.67
109.57 -9.78
115.42 -7.91
120.52 -6.08
124.89 -4.30
128.53 -2.59
131.46 -0.96
133.68 0.56
135.19 1.97
135.99 3.27
136.09 4.42
135.48 5.44
134.16 6.29
132.13 6.99
129.37 7.51
125.89 7.85
121.67 8.00
116.69 7.96
110.95 7.72
104.43 7.27
97.12 6.60
89.01 5.70
80.16 4.57
70.61 3.19
60.38 1.59
49.46 -0.23
37.85 -2.25
25.61 -4.43
12.74 -6.74
-0.62 -9.10
-14.25 -11.33
-27.94 -13.24
-41.53 -14.63
-54.80 -15.41
-67.57 -15.64
-79.75 -15.34
-91.30 -14.59
-102.14 -13.46
-112.13 -12.05
-121.13 -10.41
-129.10 -8.58
-136.02 -6.58
-141.87 -4.46
-146.64 -2.25
-150.32 -0.01
-152.94 2.23
-154.62 4.47
-155.44 6.71
-155.42 8.97
-154.59 11.24
-152.94 13.51
-150.47 15.78
-147.17 18.04
-143.03 20.27
-138.03 22.48
-132.16 24.64
-125.39 26.75
-117.69 28.78
-109.00 30.67
-99.41 32.29
-88.96 33.66
-77.68 34.77
-65.54 35.63
-52.61 36.25
-38.96 36.53
-24.61 36.37
-9.63 35.65
5.89 34.28
21.82 32.24
38.04 29.59
54.15 26.44
70.01 22.71
85.48 18.31
100.30 13.28
114.27 7.81
127.29 2.12
139.32 -3.63
150.32 -9.34
160.26 -14.97
169.15 -20.51
176.98 -25.92
183.79 -31.21
189.57 -36.35
194.32 -41.31
198.04 -46.08
200.73 -50.60
202.42 -54.86
203.12 -58.83
202.85 -62.50
201.62 -65.84
199.45 -68.85
196.33 -71.50
192.28 -73.76
187.30 -75.62
181.39 -77.05
174.57 -78.01
166.83 -78.47
158.21 -78.37
148.73 -77.69
138.44 -76.39
127.39 -74.45
115.62 -71.85
103.15 -68.59
90.02 -64.67
76.25 -60.05
61.92 -54.73
47.08 -48.71
31.85 -41.98
16.39 -34.58
0.95 -26.68
-14.14 -18.54
-28.68 -10.36
-42.55 -2.40
-55.64 5.14
-67.82 12.19
-79.07 18.74
-89.38 24.85
-98.78 30.54
-107.29 35.86
-114.96 40.79
-121.80 45.36
-127.87 49.55
-133.22 53.34
-137.85 56.70
-141.75 59.60
-144.88 62.04
-147.22 64.05
-148.78 65.63
-149.54 66.80
-149.52 67.57
-148.71 67.94
-147.13 67.91
-144.78 67.49
-141.68 66.66
-137.82 65.43
-133.24 63.80
-127.94 61.76
-121.95 59.32
-115.30 56.48
-108.01 53.27
-100.08 49.68
-91.54 45.75
-82.39 41.49
-72.65 36.94
-62.32 32.17
-51.41 27.30
-39.92 22.51
-27.99 18.09
-15.91 14.30
-4.02 11.16
7.54 8.55
18.74 6.38
29.56 4.61
39.97 3.24
49.92 2.24
59.36 1.56
68.26 1.15
76.60 0.97
84.39 0.98
91.60 1.16
98.22 1.48
104.26 1.93
109.70 2.47
114.54 3.09
118.75 3.77
122.34 4.50
125.28 5.26
127.56 6.05
129.14 6.86
130.00 7.68
130.09 8.50
129.38 9.32
127.83 10.11
125.40 10.88
122.07 11.60
117.82 12.24
112.65 12.81
106.56 13.30
99.53 13.71
91.54 14.04
82.56 14.26
72.58 14.36
61.72 14.26
50.11 13.81
37.92 12.95
25.35 11.65
12.64 9.88
-0.02 7.65
-12.36 5.05
-24.16 2.20
-35.37 -0.81
-45.98 -3.93
-55.99 -7.13
-65.39 -10.41
-74.18 -13.75
-82.35 -17.14
-89.90 -20.58
-96.81 -24.06
-103.07 -27.57
-108.68 -31.10
-113.61 -34.66
-117.85 -38.21
-121.39 -41.75
-124.22 -45.27
-126.32 -48.74
-127.70 -52.15
-128.34 -55.49
-128.23 -58.73
-127.37 -61.86
-125.76 -64.86
-123.38 -67.72
-120.24 -70.41
-116.33 -72.92
-111.63 -75.21
-106.15 -77.27
-99.87 -79.06
-92.78 -80.52
-84.86 -81.59
-76.16 -82.18
-66.73 -82.20
-56.66 -81.64
-45.99 -80.48
-34.77 -78.71
-23.06 -76.31
-10.92 -73.28
1.55 -69.61
14.24 -65.31
26.90 -60.40
39.21 -54.93
50.92 -48.97
61.91 -42.58
72.10 -35.85
81.45 -28.84
89.94 -21.61
97.58 -14.22
104.36 -6.73
110.29 0.82
115.37 8.36
119.55 15.85
122.83 23.26
125.17 30.57
126.58 37.73
127.07 44.71
126.63 51.48
125.26 58.00
122.94 64.20
119.72 69.95
115.66 75.20
110.85 79.91
105.33 84.05
99.15 87.61
92.35 90.57
84.96 92.93
77.00 94.66
68.50 95.76
59.49 96.21
49.99 95.99
40.03 95.08
29.65 93.44
18.88 91.05
7.79 87.86
-3.52 83.81
-14.87 78.86
-25.98 72.99
-36.51 66.28
-46.20 58.94
-54.96 51.15
-62.74 43.09
-69.61 34.88
-75.62 26.63
-80.85 18.41
-85.41 10.31
-89.38 2.42
-92.81 -5.16
-95.69 -12.34
-98.01 -19.13
-99.78 -25.49
-101.01 -31.45
-101.72 -36.98
-101.91 -42.10
-101.59 -46.79
-100.79 -51.07
-99.51 -54.92
-97.76 -58.35
-95.55 -61.34
-92.88 -63.89
-89.76 -65.99
-86.20 -67.64
-82.20 -68.81
-77.77 -69.51
-72.90 -69.71
-67.61 -69.39
-61.89 -68.54
-55.75 -67.14
-49.19 -65.15
-42.19 -62.56
-34.77 -59.31
-26.92 -55.37
-18.64 -50.67
-9.94 -45.16
-0.85 -38.74
8.52 -31.33
17.92 -22.84
26.81 -13.60
34.98 -4.10
42.55 5.36
49.50 14.53
55.88 23.23
61.75 31.40
67.12 38.99
71.99 46.00
76.35 52.44
80.21 58.33
83.56 63.67
86.40 68.49
88.74 72.81
90.58 76.62
91.94 79.96
92.83 82.81
93.25 85.18
93.23 87.08
92.75 88.50
91.84 89.44
90.50 89.90
88.74 89.87
86.57 89.33
83.98 88.29
80.98 86.73
77.58 84.63
73.78 81.98
69.58 78.76
64.98 74.95
59.98 70.53
54.59 65.47
48.80 59.73
42.62 53.28
36.05 46.08
29.13 38.06
21.90 29.18
14.45 19.40
6.88 8.75
-0.73 -2.54
-8.37 -14.14
-16.04 -25.91
-23.47 -37.42
-30.52 -48.40
-37.21 -58.79
-43.51 -68.55
-49.43 -77.67
-54.97 -86.14
-60.13 -93.96
-64.91 -101.12
-69.31 -107.63
-73.32 -113.48
-76.94 -118.67
-80.17 -123.22
-83.00 -127.11
-85.43 -130.35
-87.47 -132.95
-89.10 -134.89
-90.33 -136.18
-91.15 -136.82
-91.56 -136.81
-91.55 -136.14
-91.12 -134.81
-90.25 -132.80
-88.96 -130.12
-87.22 -126.74
-85.03 -122.66
-82.39 -117.85
-79.30 -112.28
-75.76 -105.96
-71.79 -98.86
-67.38 -90.97
-62.51 -82.31
-57.15 -72.83
-51.28 -62.51
-44.80 -51.42
-37.60 -39.64
-29.61 -27.28
-20.88 -14.58
-11.61 -1.92
-2.03 10.48
7.69 22.46
17.43 33.74
27.04 44.26
36.38 54.01
45.36 62.91
53.92 70.93
62.02 78.03
69.64 84.24
76.79 89.56
83.46 94.03
89.67 97.66
95.43 100.50
100.75 102.58
105.59 103.94
109.95 104.63
113.79 104.70
117.10 104.17
119.86 103.08
122.06 101.44
123.66 99.27
124.67 96.60
125.05 93.45
124.78 89.82
123.84 85.73
122.21 81.20
119.84 76.24
116.71 70.90
112.77 65.21
108.00 59.23
102.39 53.01
95.95 46.60
88.64 40.03
80.42 33.36
71.27 26.68
61.17 20.13
50.16 13.84
38.33 8.01
25.86 2.82
13.07 -1.47
0.33 -4.80
-12.13 -7.26
-24.27 -8.91
-36.02 -9.85
-47.37 -10.16
-58.27 -9.88
-68.61 -9.05
-78.26 -7.73
-87.10 -6.00
-95.09 -3.94
-102.19 -1.60
-108.42 0.98
-113.76 3.76
-118.22 6.72
-121.80 9.84
-124.49 13.08
-126.28 16.42
-127.16 19.83
-127.12 23.29
-126.16 26.75
-124.26 30.20
-121.40 33.60
-117.58 36.91
-112.76 40.09
-106.94 43.08
-100.09 45.80
-92.22 48.16
-83.33 50.04
-73.47 51.29
-62.72 51.77
-51.24 51.33
-39.20 49.90
-26.80 47.50
-14.23 44.15
-1.88 39.87
9.99 34.85
21.31 29.27
32.02 23.27
42.04 17.01
51.34 10.66
59.87 4.31
67.64 -2.01
74.66 -8.27
80.95 -14.46
86.51 -20.56
91.31 -26.53
95.35 -32.35
98.60 -37.98
101.03 -43.38
102.64 -48.53
103.39 -53.39
103.29 -57.94
102.33 -62.14
100.48 -65.96
97.76 -69.37
94.14 -72.32
89.64 -74.77
84.26 -76.65
78.03 -77.91
70.97 -78.49
63.11 -78.35
54.50 -77.44
45.17 -75.71
35.27 -73.13
24.97 -69.73
14.40 -65.51
3.73 -60.55
-6.75 -55.00
-16.87 -49.00
-26.53 -42.74
-35.68 -36.39
-44.29 -30.08
-52.33 -23.89
-59.78 -17.88
-66.63 -12.11
-72.86 -6.63
-78.45 -1.47
-83.36 3.34
-87.59 7.80
-91.11 11.89
-93.93 15.61
-96.03 18.95
-97.43 21.91
-98.10 24.48
-98.07 26.64
-97.32 28.38
-95.86 29.69
-93.69 30.54
-90.82 30.90
-87.24 30.76
-82.97 30.09
-78.00 28.85
-72.35 27.02
-66.01 24.58
-58.99 21.48
-51.29 17.72
-42.91 13.28
-33.85 8.12
-24.15 2.26
-14.07 -4.25
-3.97 -11.41
5.82 -18.95
15.08 -26.49
23.73 -33.77
31.76 -40.67
39.14 -47.08
45.84 -52.95
51.87 -58.23
57.22 -62.92
61.89 -67.00
65.87 -70.45
69.17 -73.28
71.76 -75.48
73.63 -77.04
74.76 -77.98
75.11 -78.31
74.65 -78.04
73.38 -77.20
71.32 -75.74
68.52 -73.64
65.03 -70.85
60.87 -67.36
56.07 -63.14
50.63 -58.18
44.58 -52.43
37.89 -45.88
30.59 -38.56
22.69 -30.49
14.26 -21.66
5.41 -12.00
-3.67 -1.51
-12.78 9.74
-21.76 21.54
-30.23 33.44
-37.88 45.15
-44.73 56.39
-50.88 67.04
-56.42 77.05
-61.38 86.44
-65.78 95.18
-69.64 103.29
-72.97 110.75
-75.79 117.57
-78.09 123.74
-79.88 129.26
-81.16 134.12
-81.94 138.33
-82.21 141.89
-81.98 144.78
-81.25 147.01
-80.02 148.58
-78.30 149.48
-76.09 149.69
-73.41 149.22
-70.26 148.04
-66.64 146.15
-62.56 143.53
-58.04 140.17
-53.10 136.04
-47.73 131.12
-41.96 125.40
-35.81 118.85
-29.31 111.44
-22.49 103.14
-15.39 93.93
-8.09 83.80
-0.68 72.72
6.67 60.77
13.78 48.08
20.46 34.89
26.54 21.49
31.85 8.12
36.38 -5.06
40.12 -17.92
43.09 -30.37
45.30 -42.35
46.78 -53.80
47.51 -64.68
47.53 -74.91
46.84 -84.45
45.48 -93.27
43.46 -101.31
40.83 -108.54
37.64 -114.91
33.98 -120.41
29.92 -125.04
25.53 -128.77
20.84 -131.61
15.92 -133.52
10.78 -134.51
5.48 -134.54
0.04 -133.62
-5.51 -131.71
-11.13 -128.82
-16.79 -124.91
-22.46 -119.99
-28.10 -114.04
-33.67 -107.05
-39.15 -99.03
-44.50 -89.98
-49.71 -79.94
-54.55 -69.23
-58.93 -58.08
-62.73 -46.58
-65.85 -34.88
-68.21 -23.15
-69.79 -11.56
-70.62 -0.26
-70.73 10.62
-70.18 20.99
-69.04 30.82
-67.36 40.05
-65.18 48.68
-62.53 56.70
-59.40 64.08
-55.82 70.68
-51.93 76.41
-47.80 81.26
-43.48 85.25
-39.01 88.38
-34.41 90.67
-29.71 92.13
-24.94 92.76
-20.12 92.56
-15.27 91.54
-10.42 89.69
-5.59 87.00
-0.83 83.48
3.85 79.09
8.37 73.85
12.69 67.72
16.72 60.73
20.40 52.90
23.66 44.26
26.46 34.86
28.75 24.74
30.49 13.95
31.61 2.57
32.00 -9.26
31.51 -21.36
30.05 -33.52
27.58 -45.52
24.15 -57.13
19.94 -68.13
15.14 -78.37
9.85 -87.77
4.18 -96.25
-1.69 -103.75
-7.60 -110.32
-13.44 -115.97
-19.13 -120.70
-24.64 -124.51
-29.94 -127.41
-35.03 -129.41
-39.89 -130.53
-44.50 -130.78
-48.84 -130.18
-52.89 -128.74
-56.63 -126.48
-60.03 -123.42
-63.05 -119.55
-65.67 -114.92
-67.84 -109.54
-69.52 -103.47
-70.70 -96.77
-71.36 -89.48
-71.51 -81.63
-71.14 -73.24
-70.21 -64.34
-68.72 -54.93
-66.63 -45.05
-63.92 -34.71
-60.54 -23.94
-56.45 -12.78
-51.57 -1.29
-45.75 10.43
-38.87 22.20
-30.83 33.75
-21.68 44.73
-11.76 54.67
-1.58 63.42
8.53 71.10
18.38 77.87
27.87 83.84
36.93 89.12
45.52 93.75
53.59 97.77
61.11 101.20
68.05 104.05
74.39 106.33
80.14 108.06
85.29 109.24
89.84 109.88
93.81 109.99
97.17 109.57
99.94 108.62
102.10 107.17
103.62 105.21
104.51 102.78
104.74 99.88
104.30 96.54
103.19 92.77
101.39 88.59
98.90 84.02
95.73 79.07
91.92 73.79
87.47 68.22
82.38 62.39
76.61 56.30
70.14 50.00
62.92 43.49
54.95 36.81
46.18 30.01
36.61 23.15
26.30 16.39
15.48 9.98
4.27 4.10
-7.23 -1.08
-18.72 -5.44
-29.98 -9.11
-40.91 -12.21
-51.41 -14.82
-61.37 -17.08
-70.80 -19.10
-79.68 -20.97
-88.02 -22.73
-95.81 -24.40
-103.02 -26.02
-109.60 -27.60
-115.52 -29.13
-120.74 -30.58
-125.21 -31.93
-128.91 -33.13
-131.83 -34.16
-133.98 -35.01
-135.33 -35.66
-135.90 -36.12
-135.68 -36.38
-134.66 -36.45
-132.85 -36.32
-130.23 -36.01
-126.79 -35.52
-122.53 -34.86
-117.43 -34.05
-111.48 -33.12
-104.69 -32.10
-97.06 -31.04
-88.64 -30.01
-79.46 -29.09
-69.56 -28.39
-58.98 -28.03
-47.87 -28.12
-36.55 -28.73
-25.34 -29.79
-14.36 -31.20
-3.63 -32.75
6.58 -34.24
16.07 -35.70
24.82 -37.12
32.81 -38.45
40.03 -39.67
46.46 -40.74
52.09 -41.66
56.91 -42.42
60.92 -43.03
64.10 -43.48
66.45 -43.82
67.97 -44.05
68.67 -44.21
68.56 -44.33
67.67 -44.41
66.03 -44.49
63.69 -44.57
60.67 -44.64
56.99 -44.68
52.68 -44.69
47.74 -44.62
42.18 -44.43
35.98 -44.08
29.15 -43.51
21.66 -42.67
13.52 -41.52
4.77 -40.00
-4.55 -38.06
-14.38 -35.66
-24.61 -32.77
-35.12 -29.38
-45.75 -25.51
-56.36 -21.20
-66.73 -16.49
-76.53 -11.55
-85.50 -6.57
-93.60 -1.65
-100.82 3.19
-107.17 7.91
-112.66 12.48
-117.28 16.89
-121.04 21.12
-123.93 25.16
-125.94 29.01
-127.05 32.68
-127.23 36.18
-126.47 39.50
-124.90 42.51
-122.58 45.12
-119.52 47.31
-115.70 49.07
-111.11 50.38
-105.73 51.23
-99.55 51.61
-92.57 51.52
-84.80 50.93
-76.27 49.84
-67.04 48.23
-57.23 46.08
-46.84 43.38
-35.88 40.12
-24.35 36.29
-12.31 31.92
0.10 27.05
12.59 21.74
24.84 16.09
36.56 10.26
47.55 4.40
57.68 -1.37
66.90 -6.99
75.23 -12.41
82.69 -17.61
89.29 -22.58
95.07 -27.29
100.04 -31.74
104.22 -35.90
107.63 -39.75
110.30 -43.27
112.26 -46.45
113.51 -49.27
114.08 -51.71
113.98 -53.77
113.21 -55.42
111.79 -56.65
109.71 -57.45
106.99 -57.82
103.62 -57.74
99.58 -57.22
94.89 -56.26
89.50 -54.85
83.43 -53.02
76.64 -50.76
69.13 -48.09
60.88 -44.99
51.88 -41.48
42.10 -37.53
31.54 -33.14
20.20 -28.32
8.26 -23.05
-3.75 -17.34
-15.37 -11.36
-26.40 -5.36
-36.61 0.47
-45.97 6.03
-54.54 11.24
-62.38 16.06
-69.54 20.49
-76.06 24.52
