0.00 -200.00
0.03 -199.17
0.12 -197.67
0.27 -195.50
0.48 -192.65
0.75 -189.13
1.08 -184.93
1.47 -180.02
1.93 -174.42
2.45 -168.10
3.03 -161.05
3.68 -153.25
4.39 -144.68
5.18 -135.32
6.03 -125.15
6.96 -114.11
7.97 -102.18
9.06 -89.31
10.24 -75.42
11.51 -60.45
12.89 -44.31
14.36 -26.94
15.91 -8.26
17.12 11.33
17.80 29.96
18.39 47.26
18.88 63.26
19.32 78.06
19.72 91.78
20.06 104.50
20.36 116.28
20.62 127.17
20.84 137.19
21.03 146.39
21.17 154.78
21.28 162.38
21.35 169.22
21.38 175.31
21.38 180.66
21.34 185.27
21.27 189.17
21.16 192.35
21.02 194.81
20.84 196.57
20.64 197.63
20.40 197.99
20.14 197.64
19.85 196.60
19.53 194.85
19.20 192.39
18.84 189.23
18.46 185.36
18.07 180.76
17.67 175.44
17.26 169.38
16.84 162.58
16.42 155.01
16.01 146.67
15.60 137.54
15.22 127.60
14.87 116.83
14.56 105.19
14.30 92.66
14.12 79.20
14.03 64.76
14.05 49.32
14.15 32.88
14.43 15.56
15.27 -2.34
16.92 -19.73
19.11 -36.14
21.75 -51.53
24.72 -65.88
27.92 -79.19
31.27 -91.48
34.68 -102.76
38.09 -113.08
41.45 -122.46
44.72 -130.94
47.90 -138.56
50.96 -145.33
53.90 -151.27
56.70 -156.40
59.37 -160.74
61.89 -164.28
64.27 -167.05
66.51 -169.04
68.61 -170.26
70.56 -170.71
72.37 -170.41
74.05 -169.34
75.58 -167.53
76.98 -164.95
78.24 -161.63
79.35 -157.56
80.32 -152.75
81.14 -147.19
81.80 -140.88
82.29 -133.84
82.59 -126.05
82.71 -117.52
82.61 -108.26
82.27 -98.26
81.67 -87.53
80.77 -76.09
79.52 -63.97
77.85 -51.20
75.66 -37.88
72.75 -24.12
68.87 -10.09
63.82 3.81
57.66 17.12
50.58 29.54
42.84 40.91
34.68 51.23
26.25 60.56
17.65 68.96
8.93 76.47
0.15 83.13
-8.66 88.99
-17.48 94.06
-26.29 98.37
-35.05 101.94
-43.75 104.78
-52.37 106.90
-60.88 108.29
-69.23 108.97
-77.39 108.94
-85.28 108.21
-92.86 106.82
-100.07 104.80
-106.90 102.22
-113.32 99.10
-119.30 95.49
-124.83 91.43
-129.86 86.96
-134.37 82.12
-138.32 76.95
-141.66 71.46
-144.37 65.69
-146.40 59.65
-147.71 53.38
-148.28 46.87
-148.06 40.18
-147.01 33.30
-145.11 26.29
-142.30 19.18
-138.54 12.03
-133.80 4.87
-128.04 -2.20
-121.23 -9.13
-113.33 -15.84
-104.36 -22.21
-94.43 -28.14
-83.65 -33.53
-72.03 -38.32
-59.68 -42.39
-46.79 -45.71
-33.47 -48.27
-19.81 -50.05
-5.87 -51.02
8.23 -51.18
22.40 -50.53
36.51 -49.06
50.45 -46.81
64.03 -43.83
77.01 -40.34
89.30 -36.59
100.86 -32.60
111.69 -28.41
121.80 -24.04
131.17 -19.56
139.79 -15.00
147.64 -10.41
154.70 -5.83
160.95 -1.30
166.36 3.15
170.90 7.48
174.56 11.68
177.31 15.71
179.13 19.56
180.01 23.21
179.96 26.63
178.96 29.80
177.01 32.69
174.11 35.30
170.26 37.58
165.45 39.51
159.67 41.05
152.93 42.15
145.24 42.75
136.65 42.78
127.23 42.21
117.04 41.01
106.13 39.17
94.55 36.65
82.40 33.44
69.78 29.52
56.81 24.90
43.63 19.58
30.44 13.60
17.47 7.04
5.03 0.07
-6.68 -7.11
-17.51 -14.33
-27.45 -21.47
-36.47 -28.43
-44.61 -35.13
-51.90 -41.51
-58.38 -47.51
-64.09 -53.10
-69.07 -58.27
-73.34 -62.98
-76.93 -67.23
-79.86 -70.99
-82.13 -74.25
-83.77 -77.00
-84.78 -79.23
-85.16 -80.93
-84.91 -82.07
-84.03 -82.66
-82.51 -82.68
-80.36 -82.10
-77.57 -80.93
-74.15 -79.13
-70.08 -76.69
-65.39 -73.56
-60.09 -69.74
-54.19 -65.21
-47.71 -59.97
-40.64 -54.04
-33.00 -47.46
-24.81 -40.25
-16.09 -32.43
-6.97 -24.06
2.32 -15.35
11.65 -6.49
20.70 2.36
29.19 11.16
36.80 19.72
43.58 27.88
49.57 35.61
54.82 42.86
59.39 49.64
63.33 55.97
66.67 61.84
69.43 67.28
71.62 72.27
73.24 76.80
74.30 80.88
74.79 84.48
74.72 87.59
74.09 90.20
72.92 92.30
71.21 93.89
68.97 94.96
66.22 95.50
62.94 95.51
59.16 94.98
54.86 93.90
50.04 92.25
44.71 90.02
38.86 87.19
32.47 83.72
25.54 79.60
18.06 74.78
10.00 69.22
1.34 62.84
-7.87 55.62
-17.47 47.70
-27.14 39.31
-36.59 30.81
-45.69 22.39
-54.35 14.21
-62.54 6.34
-70.17 -1.09
-77.17 -8.02
-83.43 -14.40
-88.88 -20.27
-93.51 -25.65
-97.31 -30.54
-100.28 -34.97
-102.44 -38.93
-103.80 -42.42
-104.36 -45.45
-104.13 -47.99
-103.14 -50.05
-101.40 -51.61
-98.92 -52.69
-95.72 -53.28
-91.78 -53.40
-87.10 -53.03
-81.66 -52.16
-75.47 -50.72
-68.58 -48.70
-61.01 -46.08
-52.78 -42.86
-43.90 -39.02
-34.39 -34.56
-24.32 -29.46
-13.79 -23.78
-2.84 -17.71
8.51 -11.40
20.14 -5.02
31.91 1.24
43.74 7.17
55.53 12.58
67.13 17.36
78.42 21.43
89.25 24.73
99.52 27.28
109.12 29.12
117.99 30.32
126.12 30.92
133.48 30.98
140.07 30.53
145.90 29.60
150.96 28.23
155.25 26.42
158.76 24.19
161.50 21.57
163.45 18.56
164.60 15.18
164.94 11.46
164.46 7.43
163.16 3.13
161.05 -1.38
158.11 -6.06
154.35 -10.86
149.75 -15.75
144.32 -20.67
138.06 -25.54
130.98 -30.30
123.13 -34.89
114.51 -39.30
105.13 -43.49
94.97 -47.44
84.04 -51.11
72.31 -54.44
59.76 -57.36
46.38 -59.77
32.27 -61.51
17.56 -62.51
2.54 -62.58
-12.35 -61.63
-26.91 -59.68
-40.91 -56.57
-54.09 -52.34
-66.31 -47.16
-77.47 -41.25
-87.51 -34.88
-96.43 -28.23
-104.27 -21.44
-111.05 -14.59
-116.79 -7.76
-121.53 -1.01
-125.28 5.62
-128.08 12.08
-129.94 18.32
-130.89 24.33
-130.93 30.06
-130.08 35.50
-128.36 40.59
-125.78 45.32
-122.35 49.65
-118.09 53.54
-113.03 56.97
-107.17 59.93
-100.51 62.38
-93.05 64.29
-84.78 65.62
-75.68 66.31
-65.77 66.26
-55.05 65.39
-43.58 63.61
-31.42 60.84
-18.69 57.02
-5.68 52.27
7.23 46.97
19.72 41.47
31.62 36.08
42.72 30.97
52.99 26.14
62.47 21.63
71.17 17.47
79.10 13.69
86.25 10.28
92.63 7.24
98.26 4.56
103.16 2.23
107.34 0.23
110.82 -1.43
113.60 -2.77
115.71 -3.79
117.13 -4.49
117.88 -4.89
117.95 -4.99
117.32 -4.80
115.95 -4.32
113.77 -3.49
110.71 -2.23
106.78 -0.47
101.99 1.80
96.34 4.57
89.82 7.84
82.40 11.60
74.06 15.81
64.79 20.37
54.64 25.13
43.78 29.78
32.47 33.94
21.00 37.31
9.70 39.76
-1.28 41.30
-11.82 41.90
-21.80 41.61
-31.09 40.52
-39.62 38.74
-47.30 36.31
-54.09 33.25
-59.98 29.61
-64.98 25.41
-69.09 20.69
-72.32 15.47
-74.66 9.78
-76.08 3.64
-76.57 -2.88
-76.13 -9.72
-74.79 -16.78
-72.59 -24.03
-69.58 -31.40
-65.78 -38.81
-61.27 -46.13
-56.12 -53.18
-50.43 -59.73
-44.34 -65.54
-37.99 -70.39
-31.62 -74.12
-25.43 -76.79
-19.49 -78.45
-13.84 -79.12
-8.54 -78.86
-3.61 -77.71
0.90 -75.70
4.98 -72.90
8.63 -69.33
11.84 -65.03
14.62 -60.03
16.95 -54.35
18.80 -48.03
20.12 -41.15
20.95 -33.85
21.37 -26.26
21.40 -18.55
21.05 -10.84
20.28 -3.18
19.06 4.28
17.29 11.32
14.95 17.60
12.28 22.91
9.40 27.17
6.36 30.36
3.28 32.45
0.27 33.47
-2.56 33.50
-5.12 32.63
-7.37 30.95
-9.28 28.57
-10.85 25.58
-12.06 22.04
-12.92 18.06
-13.42 13.70
-13.59 9.07
-13.42 4.27
-12.96 -0.61
-12.26 -5.48
-11.41 -10.23
-10.50 -14.75
-9.55 -18.93
-8.56 -22.71
-7.49 -26.02
-6.28 -28.85
-4.90 -31.19
-3.35 -33.05
-1.64 -34.42
0.19 -35.30
2.14 -35.63
4.16 -35.36
6.23 -34.45
8.27 -32.89
10.22 -30.71
11.98 -27.94
13.41 -24.67
14.39 -21.04
14.83 -17.19
14.69 -13.30
14.04 -9.47
12.90 -5.75
11.33 -2.19
9.54 1.06
7.77 3.76
6.20 6.02
4.81 7.95
3.60 9.56
2.54 10.84
1.62 11.77
0.80 12.31
-0.03 12.41
-0.93 12.08
-1.94 11.30
-3.10 10.05
-4.49 8.31
-6.08 6.23
-7.88 3.96
-9.93 1.44
-12.06 -1.27
-13.83 -3.91
-15.14 -6.23
-16.10 -8.19
-16.76 -9.81
-17.16 -11.10
-17.31 -12.05
-17.22 -12.65
-16.88 -12.86
-16.27 -12.66
-15.39 -12.01
-14.25 -10.91
-12.92 -9.33
-11.45 -7.26
-9.86 -4.71
-8.15 -1.70
-6.28 1.72
-4.10 5.33
-1.51 9.18
1.52 13.34
5.04 17.79
9.05 22.43
13.44 27.14
18.14 31.90
22.93 36.57
27.43 40.96
31.46 45.02
34.95 48.74
37.88 52.12
40.24 55.14
42.03 57.72
43.19 59.84
43.65 61.45
43.26 62.48
41.85 62.93
39.46 62.88
36.25 62.33
32.36 61.27
27.97 59.70
23.12 57.64
17.81 55.13
12.04 52.20
5.77 48.87
-1.00 45.19
-8.31 41.15
-16.07 36.74
-24.23 32.08
-32.72 27.38
-41.28 22.86
-49.58 18.63
-57.32 14.76
-64.24 11.28
-70.24 8.13
-75.27 5.22
-79.33 2.48
-82.45 -0.17
-84.65 -2.77
-85.96 -5.35
-86.38 -7.94
-85.90 -10.51
-84.54 -13.04
-82.30 -15.48
-79.21 -17.82
-75.31 -20.03
-70.58 -22.14
-64.93 -24.09
-58.36 -25.75
-50.93 -27.03
-42.69 -27.90
-33.68 -28.33
-24.01 -28.37
-13.85 -28.15
-3.59 -27.82
6.34 -27.35
15.79 -26.76
24.66 -26.06
32.72 -25.28
39.93 -24.47
46.32 -23.66
51.90 -22.84
56.64 -22.07
60.53 -21.42
63.59 -20.93
65.81 -20.61
67.21 -20.47
67.77 -20.51
67.49 -20.73
66.38 -21.10
64.46 -21.59
61.77 -22.16
58.35 -22.80
54.28 -23.58
49.59 -24.58
44.29 -25.85
38.45 -27.43
32.18 -29.32
25.76 -31.46
19.68 -33.76
14.15 -36.12
9.16 -38.46
4.74 -40.75
0.94 -42.93
-2.25 -44.94
-4.89 -46.72
-7.04 -48.28
-8.81 -49.64
-10.26 -50.81
-11.43 -51.78
-12.27 -52.53
-12.73 -53.01
-12.80 -53.18
-12.53 -53.00
-11.95 -52.45
-11.12 -51.52
-10.12 -50.19
-8.96 -48.39
-7.61 -46.02
-6.06 -42.97
-4.39 -39.12
-2.83 -34.46
-1.66 -29.27
-0.95 -23.96
-0.82 -18.74
-1.26 -13.68
-2.05 -8.95
-3.07 -4.66
-4.32 -0.76
-5.77 2.71
-7.44 5.74
-9.34 8.31
-11.44 10.45
-13.72 12.20
-16.12 13.58
-18.55 14.63
-20.92 15.35
-23.16 15.67
-25.32 15.53
-27.47 14.96
-29.68 14.00
-32.04 12.75
-34.53 11.30
-37.05 9.66
-39.41 7.97
-41.23 6.70
-42.39 5.98
-42.81 5.77
-42.44 6.02
-41.32 6.62
-39.45 7.49
-36.88 8.57
-33.65 9.85
-29.80 11.32
-25.39 12.99
-20.42 14.89
-14.99 17.05
-9.37 19.62
-3.69 22.60
2.00 25.88
7.74 29.34
13.61 32.90
19.69 36.53
26.11 40.15
32.99 43.51
40.00 46.10
46.65 47.86
52.75 48.89
58.17 49.25
62.82 48.99
66.57 48.15
69.37 46.80
71.15 45.00
71.91 42.82
71.62 40.28
70.27 37.42
67.82 34.26
64.24 30.89
59.55 27.49
53.85 24.14
47.21 20.89
39.70 17.77
31.42 14.88
22.38 12.36
12.72 10.42
2.72 9.18
-7.27 8.71
-16.95 8.91
-26.13 9.60
-34.65 10.66
-42.42 12.00
-49.36 13.53
-55.45 15.19
-60.62 16.92
-64.86 18.67
-68.10 20.40
-70.31 22.08
-71.43 23.62
-71.41 24.91
-70.24 25.79
-67.92 26.15
-64.50 25.91
-60.02 25.02
-54.58 23.41
-48.37 21.02
-41.64 17.88
-34.66 14.11
-27.65 9.90
-20.73 5.47
-14.08 1.06
-7.79 -3.09
-1.98 -6.87
3.24 -10.24
7.78 -13.18
11.60 -15.68
14.59 -17.73
16.66 -19.36
17.78 -20.59
17.90 -21.48
17.03 -22.07
15.19 -22.38
12.45 -22.45
8.89 -22.30
4.68 -21.97
0.02 -21.48
-4.87 -20.91
-9.75 -20.38
-14.45 -20.01
-18.87 -19.88
-22.96 -20.04
-26.70 -20.52
-30.05 -21.31
-33.01 -22.42
-35.53 -23.82
-37.60 -25.49
-39.19 -27.44
-40.29 -29.65
-40.91 -32.11
-41.04 -34.80
-40.71 -37.68
-39.99 -40.70
-38.98 -43.84
-37.75 -47.08
-36.37 -50.43
-34.92 -53.87
-33.57 -57.30
-32.49 -60.57
-31.76 -63.46
-31.37 -65.82
-31.24 -67.51
-31.32 -68.46
-31.56 -68.61
-31.96 -67.92
-32.51 -66.38
-33.18 -64.00
-33.89 -60.80
-34.48 -56.81
-34.78 -52.12
-34.67 -46.86
-34.15 -41.15
-33.24 -35.14
-31.91 -28.88
-29.99 -22.48
-27.39 -16.19
-24.20 -10.28
-20.57 -4.96
-16.65 -0.32
-12.54 3.62
-8.33 6.86
-4.07 9.40
0.17 11.24
4.30 12.35
8.26 12.71
11.98 12.27
15.39 11.01
18.42 8.95
21.06 6.13
23.34 2.60
25.25 -1.55
26.83 -6.22
28.02 -11.28
28.69 -16.40
28.88 -20.99
28.72 -24.86
28.23 -28.08
27.42 -30.69
26.30 -32.66
24.91 -33.98
23.32 -34.51
21.60 -34.24
19.75 -33.17
17.81 -31.30
15.80 -28.65
13.72 -25.26
11.56 -21.15
9.28 -16.34
6.85 -10.82
4.24 -4.56
1.45 2.45
-1.60 10.09
-4.87 18.05
-8.11 25.96
-11.19 33.56
-14.03 40.61
-16.49 46.95
-18.48 52.48
-20.04 57.18
-21.21 61.05
-22.06 64.12
-22.64 66.42
-23.01 68.00
-23.23 68.91
-23.31 69.23
-23.31 69.04
-23.27 68.38
-23.21 67.25
-23.09 65.63
-22.84 63.42
-22.53 60.53
-22.20 56.96
-21.90 52.73
-21.67 47.84
-21.48 42.25
-21.26 36.10
-20.97 29.67
-20.56 23.25
-20.04 17.29
-19.50 12.04
-19.02 7.49
-18.63 3.66
-18.32 0.53
-18.06 -1.88
-17.81 -3.54
-17.52 -4.46
-17.11 -4.63
-16.51 -4.08
-15.65 -2.89
-14.53 -1.11
-13.15 1.23
-11.49 4.14
-9.54 7.61
-7.26 11.53
-4.84 15.79
-2.49 20.46
-0.34 25.52
1.45 30.85
2.71 36.18
3.55 40.93
4.25 44.88
4.90 48.02
5.54 50.31
6.20 51.73
6.89 52.29
7.61 51.95
8.34 50.72
9.03 48.58
9.63 45.52
10.09 41.54
10.32 36.66
10.25 30.95
9.85 24.60
9.22 17.72
8.44 10.23
7.41 2.22
6.16 -6.23
4.74 -15.16
3.24 -24.59
1.88 -34.42
0.63 -44.01
-0.95 -52.94
-3.05 -61.19
-5.69 -68.79
-8.85 -75.71
-12.51 -81.92
-16.61 -87.37
-21.11 -91.99
-25.95 -95.74
-31.07 -98.56
-36.45 -100.39
-42.05 -101.18
-47.73 -100.84
-53.32 -99.42
-58.82 -96.98
-64.29 -93.53
-69.76 -89.06
-75.24 -83.54
-80.64 -76.96
-85.93 -69.43
-91.16 -61.34
-95.91 -53.31
-99.80 -45.42
-102.76 -37.64
-104.77 -30.01
-105.84 -22.58
-106.00 -15.41
-105.31 -8.55
-103.83 -2.06
-101.62 4.01
-98.73 9.62
-95.21 14.72
-91.11 19.28
-86.48 23.23
-81.39 26.52
-75.88 29.11
-70.01 30.97
-63.79 32.08
-57.23 32.41
-50.34 31.92
-43.13 30.58
-35.60 28.34
-27.75 25.11
-19.72 20.83
-11.99 15.75
-4.77 10.38
1.86 4.97
7.80 -0.36
12.99 -5.44
17.43 -10.19
21.13 -14.55
24.11 -18.49
26.42 -21.95
28.10 -24.92
29.21 -27.35
29.78 -29.22
29.88 -30.50
29.53 -31.15
28.77 -31.14
27.62 -30.41
26.12 -28.91
24.29 -26.59
22.19 -23.43
19.86 -19.50
17.16 -14.84
14.13 -9.38
10.92 -3.18
7.69 3.51
4.49 10.36
1.32 17.14
-1.75 23.68
-4.61 29.78
-7.29 35.11
-9.80 39.55
-12.07 43.06
-14.00 45.65
-15.54 47.33
-16.66 48.11
-17.40 48.00
-17.77 47.02
-17.80 45.16
-17.54 42.44
-17.03 38.89
-16.34 34.51
-15.55 29.34
-14.77 23.42
-14.11 16.83
-13.68 9.70
-13.54 2.29
-13.68 -5.08
-14.09 -12.19
-14.72 -18.92
-15.39 -25.31
-15.90 -30.92
-16.36 -35.58
-16.77 -39.31
-17.10 -42.14
-17.33 -44.09
-17.43 -45.18
-17.37 -45.45
-17.15 -44.93
-16.73 -43.64
-16.09 -41.64
-15.20 -38.95
-14.06 -35.64
-12.62 -31.79
-10.89 -27.47
-8.86 -22.79
-6.53 -17.88
-3.88 -12.87
-0.93 -7.97
2.28 -3.42
5.51 0.53
8.56 3.86
11.30 6.57
13.58 8.62
15.32 9.90
16.53 10.36
17.24 10.05
17.46 9.04
