-10.00 10.00
-9.81 9.83
-9.30 9.37
-8.44 8.60
-7.25 7.53
-5.69 6.15
-3.76 4.46
-1.41 2.44
1.44 0.09
4.86 -2.23
8.18 -3.66
10.98 -4.45
13.20 -4.79
14.75 -4.67
15.59 -3.94
15.78 -2.60
15.45 -0.74
14.83 1.53
14.01 4.02
12.75 6.41
11.22 8.32
9.64 9.50
8.17 9.76
7.07 8.67
6.96 6.48
7.83 3.95
9.54 1.28
11.83 -1.45
14.48 -4.23
17.37 -6.81
20.58 -8.76
24.09 -9.93
27.82 -10.27
31.66 -9.87
35.39 -8.89
38.80 -7.49
41.80 -5.83
44.34 -4.06
46.44 -2.29
48.12 -0.62
49.35 0.85
50.07 2.05
50.24 2.98
49.81 3.63
48.73 3.99
46.96 4.05
44.52 3.79
41.52 3.16
38.05 2.16
34.28 0.87
30.37 -0.63
26.39 -2.38
22.69 -4.20
19.45 -5.85
16.61 -7.28
14.15 -8.44
12.06 -9.31
10.33 -9.84
9.01 -10.03
8.10 -9.87
7.58 -9.38
7.48 -8.52
7.86 -7.25
8.79 -5.58
10.38 -3.53
12.71 -1.10
15.77 1.74
19.52 4.93
23.76 8.00
27.77 10.32
31.42 12.07
34.78 13.38
37.90 14.25
40.74 14.64
43.27 14.52
45.38 13.87
46.92 12.79
47.81 11.39
48.04 9.80
47.57 8.15
46.37 6.53
44.42 5.08
41.89 3.98
39.01 3.17
35.82 2.55
32.39 2.09
28.79 1.85
25.14 1.98
21.72 2.65
18.90 3.80
16.77 5.28
15.25 6.92
14.22 8.60
13.56 10.19
13.19 11.59
13.03 12.76
13.02 13.68
13.12 14.35
13.32 14.78
13.58 14.98
13.90 14.97
14.25 14.78
14.59 14.41
14.86 13.86
15.03 13.11
15.17 12.14
15.39 10.83
15.80 9.06
16.53 6.81
17.74 4.10
19.63 1.02
22.06 -2.38
25.00 -6.11
28.20 -10.02
31.16 -13.71
33.77 -16.99
36.04 -19.87
38.03 -22.38
39.73 -24.59
41.14 -26.56
42.23 -28.35
42.97 -29.98
43.35 -31.49
43.33 -32.88
42.90 -34.17
42.03 -35.37
40.69 -36.47
38.84 -37.47
36.45 -38.34
33.45 -39.05
29.79 -39.55
25.45 -39.79
20.42 -39.71
14.68 -39.35
8.32 -38.47
1.58 -37.12
-5.34 -35.47
-12.28 -33.49
-19.23 -30.82
-25.98 -27.33
-32.22 -23.12
-37.68 -18.41
-42.41 -13.30
-46.43 -7.82
-49.78 -2.01
-52.46 4.15
-54.45 10.62
-55.67 17.30
-56.15 23.92
-56.17 30.21
-55.91 36.04
-55.43 41.34
-54.79 46.08
-54.05 50.18
-53.20 53.58
-52.19 56.27
-50.88 58.23
-49.06 59.34
-46.68 59.53
-43.71 58.82
-40.14 57.22
-35.94 54.76
-31.07 51.46
-25.48 47.33
-19.09 42.39
-11.82 36.62
-3.57 29.91
5.46 22.34
14.81 14.56
24.34 6.94
33.94 -0.31
43.47 -7.15
52.83 -13.52
61.89 -19.36
70.57 -24.62
78.82 -29.28
86.60 -33.35
93.91 -36.85
100.69 -39.80
106.92 -42.21
112.54 -44.10
117.48 -45.46
121.71 -46.32
125.18 -46.67
127.86 -46.51
129.73 -45.84
130.79 -44.67
131.02 -42.99
130.40 -40.81
128.92 -38.14
126.58 -34.97
123.37 -31.32
119.30 -27.21
114.37 -22.70
108.54 -17.87
101.70 -12.78
93.66 -7.60
84.51 -2.69
74.59 1.76
64.07 5.65
53.23 8.95
42.15 11.65
30.88 13.61
19.66 14.65
8.81 14.81
-1.49 14.22
-11.13 13.02
-20.06 11.31
-28.27 9.20
-35.74 6.78
-42.47 4.12
-48.48 1.31
-53.78 -1.60
-58.38 -4.57
-62.29 -7.54
-65.52 -10.49
-68.06 -13.36
-69.91 -16.12
-71.04 -18.75
-71.42 -21.22
-71.03 -23.53
-69.84 -25.67
-67.82 -27.64
-64.97 -29.44
-61.24 -31.04
-56.63 -32.42
-51.11 -33.50
-44.69 -34.17
-37.50 -34.28
-29.77 -33.76
-21.72 -32.74
-13.32 -31.38
-4.52 -29.54
4.35 -27.19
13.04 -24.51
21.27 -21.51
28.90 -18.06
35.92 -14.22
42.14 -10.10
47.43 -5.71
51.76 -1.15
55.15 3.45
57.67 8.03
59.35 12.55
60.24 17.00
60.36 21.35
59.73 25.59
58.36 29.71
56.24 33.69
53.38 37.52
49.75 41.18
45.34 44.60
40.13 47.72
34.15 50.44
27.45 52.70
20.10 54.43
12.13 55.60
3.63 56.15
-5.37 56.02
-14.76 55.12
-24.40 53.37
-33.98 50.69
-43.08 47.17
-51.41 43.06
-58.91 38.58
-65.59 33.86
-71.44 29.03
-76.47 24.23
-80.71 19.57
-84.20 15.11
-86.95 10.90
-88.95 6.99
-90.15 3.43
-90.50 0.28
-89.96 -2.43
-88.51 -4.67
-86.11 -6.45
-82.79 -7.76
-78.59 -8.63
-73.55 -9.06
-67.70 -9.03
-61.06 -8.52
-53.65 -7.48
-45.51 -5.88
-36.71 -3.71
-27.29 -0.96
-17.29 2.39
-6.88 6.26
3.88 10.41
14.95 14.49
26.08 18.10
36.99 21.15
47.52 23.60
57.44 25.44
66.60 26.65
74.94 27.29
82.47 27.35
89.04 26.85
94.65 25.87
99.33 24.48
103.10 22.68
105.98 20.48
107.97 17.88
109.06 14.89
109.22 11.50
108.44 7.73
106.66 3.60
103.87 -0.82
100.07 -5.46
95.31 -10.26
89.67 -15.18
83.21 -20.20
75.99 -25.32
68.08 -30.51
59.52 -35.73
50.32 -40.91
40.44 -45.91
30.09 -50.29
19.99 -53.96
10.30 -57.19
1.02 -59.99
-7.86 -62.41
-16.30 -64.44
-24.30 -66.07
-31.85 -67.32
-38.95 -68.17
-45.60 -68.64
-51.82 -68.75
-57.62 -68.50
-63.01 -67.95
-67.99 -67.13
-72.55 -66.11
-76.62 -64.97
-80.08 -63.76
-82.78 -62.49
-84.63 -61.06
-85.63 -59.41
-85.78 -57.49
-85.07 -55.28
-83.50 -52.77
-81.07 -49.95
-77.73 -46.81
-73.45 -43.34
-68.17 -39.57
-61.83 -35.49
-54.31 -31.17
-45.48 -26.72
-35.56 -22.44
-24.79 -18.40
-13.47 -14.72
-2.29 -11.38
8.28 -8.26
18.17 -5.30
27.38 -2.47
35.96 0.27
43.94 2.96
51.27 5.54
58.05 7.80
64.35 9.78
70.19 11.57
75.55 13.22
80.44 14.81
84.81 16.37
88.64 17.94
91.87 19.56
94.46 21.23
96.33 22.96
97.44 24.73
97.72 26.54
97.12 28.37
95.60 30.20
93.10 32.02
89.61 33.83
85.09 35.63
79.55 37.42
72.98 39.19
65.36 40.94
56.68 42.66
46.91 44.36
36.03 46.02
24.06 47.56
11.42 48.90
-1.41 50.09
-14.05 51.15
-26.16 52.11
-37.67 52.88
-48.58 53.43
-58.84 53.72
-68.43 53.72
-77.32 53.43
-85.47 52.83
-92.86 51.92
-99.46 50.71
-105.26 49.18
-110.21 47.35
-114.30 45.23
-117.51 42.83
-119.83 40.17
-121.23 37.30
-121.72 34.26
-121.33 31.08
-120.10 27.78
-118.08 24.36
-115.25 20.82
-111.63 17.16
-107.19 13.42
-101.95 9.62
-95.89 5.77
-88.99 1.91
-81.24 -1.94
-72.63 -5.73
-63.14 -9.41
-52.74 -12.92
-41.43 -16.16
-29.25 -19.04
-16.25 -21.46
-2.56 -23.31
11.51 -24.50
25.44 -24.97
38.72 -24.67
51.18 -23.60
62.68 -21.91
73.22 -19.74
82.85 -17.16
91.61 -14.17
99.47 -10.81
106.30 -7.25
112.13 -3.64
117.02 -0.04
121.00 3.52
124.13 7.04
126.44 10.50
127.94 13.87
128.66 17.17
128.63 20.36
127.87 23.44
126.41 26.41
124.26 29.23
121.46 31.89
118.04 34.38
114.04 36.64
109.50 38.63
104.47 40.31
99.00 41.60
93.10 42.48
86.82 42.90
80.15 42.84
73.10 42.27
65.69 41.16
57.90 39.49
49.74 37.23
41.22 34.33
32.37 30.75
23.24 26.45
13.91 21.38
4.46 15.51
-5.00 8.77
-14.23 1.15
-23.10 -7.23
-31.35 -16.05
-38.81 -24.93
-45.53 -33.68
-51.62 -42.11
-57.19 -50.08
-62.34 -57.47
-67.11 -64.25
-71.53 -70.48
-75.59 -76.17
-79.31 -81.35
-82.68 -86.02
-85.71 -90.21
-88.40 -93.90
-90.73 -97.11
-92.71 -99.82
-94.33 -102.05
-95.58 -103.78
-96.45 -105.01
-96.94 -105.74
-97.02 -105.96
-96.69 -105.66
-95.93 -104.83
-94.73 -103.46
-93.07 -101.54
-90.92 -99.06
-88.28 -95.99
-85.13 -92.32
-81.46 -88.05
-77.27 -83.16
-72.53 -77.69
-67.21 -71.66
-61.22 -65.13
-54.46 -58.20
-46.91 -50.70
-38.57 -42.52
-29.36 -33.62
-19.34 -24.03
-8.96 -14.19
1.48 -4.44
11.89 5.08
22.13 14.18
32.06 22.65
41.61 30.42
50.77 37.43
59.47 43.60
67.61 49.02
75.19 53.80
82.20 58.04
88.63 61.81
94.44 65.18
99.64 68.19
104.20 70.88
108.15 73.25
111.46 75.31
114.15 77.04
116.23 78.42
117.68 79.43
118.50 80.07
118.70 80.32
118.27 80.18
117.20 79.65
115.49 78.73
113.13 77.42
110.11 75.72
106.43 73.64
102.09 71.19
97.09 68.38
91.43 65.21
85.10 61.71
78.13 57.88
70.50 53.73
62.24 49.30
53.39 44.60
43.99 39.65
34.10 34.45
23.80 28.99
13.22 23.26
2.73 17.40
-7.34 11.69
-16.85 6.26
-25.78 1.12
-34.20 -3.64
-42.17 -7.90
-49.68 -11.64
-56.73 -14.85
-63.27 -17.54
-69.23 -19.69
-74.54 -21.35
-79.14 -22.53
-83.03 -23.28
-86.21 -23.65
-88.72 -23.68
-90.58 -23.40
-91.81 -22.80
-92.40 -21.87
-92.37 -20.62
-91.71 -19.03
-90.40 -17.08
-88.42 -14.77
-85.77 -12.09
-82.42 -9.01
-78.35 -5.53
-73.55 -1.64
-68.00 2.69
-61.73 7.44
-54.75 12.62
-47.13 18.21
-39.05 24.12
-30.84 30.07
-22.87 35.63
-15.17 40.71
-7.74 45.22
-0.55 49.10
6.40 52.36
13.11 54.97
19.54 56.96
25.67 58.32
31.45 59.08
36.83 59.26
41.77 58.91
46.25 58.07
50.28 56.76
53.86 54.99
56.98 52.75
59.64 50.02
61.81 46.79
63.46 43.02
64.52 38.68
64.91 33.74
64.52 28.24
63.28 22.26
61.21 15.85
58.34 9.02
54.66 1.71
50.15 -6.11
44.84 -14.49
38.90 -23.31
32.35 -32.33
25.19 -41.32
17.63 -50.05
9.90 -58.36
2.12 -66.08
-5.55 -73.11
-13.03 -79.42
-20.23 -85.01
-27.14 -89.89
-33.71 -94.08
-39.94 -97.60
-45.83 -100.48
-51.35 -102.74
-56.50 -104.42
-61.26 -105.53
-65.61 -106.11
-69.53 -106.15
-72.99 -105.68
-75.96 -104.70
-78.41 -103.22
-80.33 -101.23
-81.66 -98.75
-82.38 -95.78
-82.46 -92.33
-81.84 -88.40
-80.48 -84.01
-78.35 -79.18
-75.41 -73.91
-71.62 -68.24
-66.99 -62.19
-61.53 -55.80
-55.26 -49.10
-48.22 -42.16
-40.42 -35.11
-31.90 -28.07
-22.73 -21.19
-13.03 -14.68
-3.04 -8.78
6.84 -3.55
16.39 1.05
25.46 5.07
34.00 8.56
41.96 11.59
49.30 14.21
55.99 16.45
61.98 18.37
67.26 19.99
71.84 21.36
75.68 22.53
78.74 23.51
80.96 24.35
82.21 25.06
82.45 25.64
81.62 26.05
79.75 26.23
76.87 26.12
73.00 25.68
68.19 24.93
62.45 23.85
55.81 22.45
48.29 20.77
39.95 18.82
30.88 16.66
21.21 14.42
11.00 12.26
0.30 10.23
-10.85 8.43
-22.16 7.04
-33.08 6.02
-43.42 5.28
-52.99 4.79
-61.70 4.55
-69.52 4.50
-76.47 4.62
-82.56 4.86
-87.82 5.21
-92.27 5.64
-95.93 6.13
-98.81 6.65
-100.94 7.18
-102.32 7.72
-102.97 8.26
-102.90 8.80
-102.11 9.34
-100.60 9.88
-98.36 10.43
-95.39 11.00
-91.68 11.59
-87.22 12.22
-81.98 12.90
-75.97 13.62
-69.17 14.41
-61.56 15.26
-53.13 16.19
-43.82 17.22
-33.53 18.36
-22.47 19.61
-10.78 21.02
1.47 22.53
14.17 23.93
26.85 24.89
38.86 25.57
50.10 26.26
60.53 27.05
70.12 27.96
78.86 28.98
86.73 30.09
93.74 31.27
99.89 32.49
105.18 33.71
109.63 34.92
113.24 36.07
116.02 37.14
117.96 38.10
119.09 38.93
119.40 39.60
118.89 40.09
117.58 40.39
115.45 40.47
112.50 40.33
108.74 39.93
104.14 39.26
98.71 38.32
92.42 37.09
85.27 35.55
77.25 33.71
68.33 31.56
58.53 29.11
47.86 26.37
36.37 23.34
24.12 19.97
11.11 16.21
-2.63 11.98
-17.05 7.16
-31.61 1.69
-45.73 -4.10
-59.28 -10.18
-72.08 -16.53
-84.01 -23.03
-95.05 -29.57
-105.20 -36.08
-114.49 -42.52
-122.93 -48.84
-130.54 -55.00
-137.34 -60.97
-143.34 -66.71
-148.56 -72.19
-153.02 -77.39
-156.74 -82.30
-159.72 -86.90
-161.98 -91.17
-163.52 -95.10
-164.35 -98.68
-164.48 -101.91
-163.90 -104.77
-162.62 -107.24
-160.62 -109.31
-157.91 -110.98
-154.48 -112.22
-150.33 -113.02
-145.43 -113.35
-139.78 -113.19
-133.35 -112.52
-126.14 -111.30
-118.12 -109.49
-109.26 -107.04
-99.53 -103.93
-88.92 -100.08
-77.42 -95.46
-65.06 -89.97
-51.99 -83.49
-38.46 -75.94
-24.79 -67.41
-11.31 -58.08
1.65 -48.35
13.94 -38.53
25.42 -28.80
36.04 -19.20
45.79 -9.76
54.66 -0.56
62.63 8.32
69.69 16.81
75.86 24.88
81.16 32.51
85.60 39.67
89.22 46.34
92.01 52.52
94.01 58.18
95.23 63.31
95.69 67.89
95.42 71.90
94.44 75.35
92.75 78.23
90.36 80.54
87.27 82.29
83.38 83.43
78.68 83.81
73.25 83.29
67.18 81.86
60.51 79.49
53.25 76.18
45.44 71.90
37.08 66.62
28.26 60.36
19.19 53.27
10.05 45.47
1.00 37.04
-7.78 28.13
-16.14 18.94
-23.96 9.68
-31.22 0.52
-37.90 -8.40
-43.97 -16.93
-49.38 -24.94
-54.08 -32.29
-58.01 -38.93
-61.13 -44.83
-63.46 -49.97
-65.01 -54.35
-65.82 -57.97
-65.92 -60.84
-65.34 -62.94
-64.12 -64.27
-62.30 -64.83
-59.91 -64.60
-56.99 -63.56
-53.56 -61.69
-49.69 -58.97
-45.40 -55.40
-40.77 -50.95
-35.84 -45.63
-30.69 -39.42
-25.38 -32.34
-19.99 -24.37
-14.62 -15.54
-9.39 -5.87
-4.48 4.55
-0.12 15.53
3.54 26.74
6.43 37.88
8.60 48.71
10.13 59.02
11.13 68.69
11.68 77.64
11.84 85.79
11.67 93.09
11.20 99.49
10.46 104.94
9.44 109.40
8.17 112.88
6.66 115.37
4.95 116.86
3.08 117.33
1.09 116.79
-0.99 115.24
-3.12 112.68
-5.26 109.11
-7.36 104.53
-9.40 98.95
-11.34 92.37
-13.16 84.78
-14.89 76.23
-16.58 66.81
-18.22 56.65
-19.71 45.87
-20.95 34.59
-21.80 22.97
-22.18 11.15
-22.04 -0.72
-21.40 -12.53
-20.29 -24.15
-18.76 -35.42
-16.90 -46.11
-14.75 -56.14
-12.38 -65.41
-9.84 -73.88
-7.21 -81.53
-4.53 -88.32
-1.84 -94.21
0.81 -99.20
3.40 -103.30
5.87 -106.53
8.18 -108.91
10.31 -110.45
12.22 -111.18
13.87 -111.10
15.22 -110.24
16.23 -108.61
16.87 -106.21
17.07 -103.07
16.79 -99.21
15.96 -94.66
14.50 -89.47
12.36 -83.70
9.47 -77.41
5.79 -70.66
1.29 -63.52
-4.08 -56.07
-10.31 -48.45
-17.38 -40.79
-25.18 -33.23
-33.63 -25.92
-42.55 -19.05
-51.67 -12.72
-60.74 -6.96
-69.58 -1.76
-78.08 2.91
-86.17 7.06
-93.77 10.69
-100.85 13.79
-107.38 16.38
-113.33 18.44
-118.68 20.00
-123.38 21.07
-127.41 21.68
-130.73 21.85
-133.31 21.61
-135.11 20.99
-136.11 20.01
-136.29 18.70
-135.63 17.08
-134.10 15.15
-131.71 12.92
-128.43 10.42
-124.26 7.66
-119.16 4.65
-113.13 1.42
-106.15 -2.01
-98.19 -5.59
-89.25 -9.30
-79.32 -13.08
-68.49 -16.86
-57.07 -20.39
-45.30 -23.54
-33.32 -26.25
-21.26 -28.53
-9.22 -30.36
2.69 -31.75
14.41 -32.70
25.84 -33.23
36.90 -33.34
47.52 -33.03
57.63 -32.32
67.17 -31.20
76.08 -29.69
84.28 -27.78
91.67 -25.52
98.14 -22.96
103.62 -20.16
108.08 -17.16
111.50 -13.98
113.86 -10.66
115.14 -7.20
115.32 -3.63
114.39 0.03
112.33 3.76
109.13 7.56
104.76 11.41
99.20 15.31
92.46 19.29
84.53 23.32
75.46 27.41
65.38 31.49
54.48 35.45
42.95 39.18
30.96 42.58
18.63 45.58
6.10 48.10
-6.51 50.08
-19.09 51.49
-31.51 52.28
-43.64 52.45
-55.36 51.99
-66.58 50.93
-77.20 49.29
-87.16 47.11
-96.41 44.45
-104.91 41.33
-112.63 37.81
-119.56 33.92
-125.66 29.69
-130.92 25.17
-135.32 20.37
-138.85 15.33
-141.49 10.08
-143.21 4.63
-144.01 -0.99
-143.88 -6.76
-142.82 -12.64
-140.85 -18.60
-137.98 -24.58
-134.22 -30.55
-129.60 -36.45
-124.12 -42.23
-117.81 -47.86
-110.67 -53.26
-102.74 -58.40
-94.05 -63.21
-84.65 -67.63
-74.59 -71.59
-63.93 -75.00
-52.76 -77.78
-41.17 -79.87
-29.29 -81.22
-17.22 -81.80
