0.00 0.00
0.05 -0.01
0.22 -0.06
0.49 -0.13
0.87 -0.24
1.38 -0.38
2.01 -0.56
2.79 -0.79
3.83 -1.05
4.70 -1.00
5.39 -0.81
6.00 -0.41
6.41 0.20
6.79 1.04
6.94 2.08
6.75 3.34
6.59 4.56
6.42 5.69
6.40 6.19
6.97 6.06
8.02 5.59
9.47 4.96
11.20 4.23
13.12 3.09
15.16 1.70
17.59 0.47
20.50 -0.55
23.41 -1.35
26.18 -1.79
28.48 -2.00
30.32 -2.10
31.77 -2.15
32.91 -2.24
33.82 -2.35
34.39 -2.51
34.64 -2.76
34.62 -3.10
34.34 -3.50
33.80 -3.95
32.97 -4.44
31.80 -4.98
30.24 -5.57
28.15 -6.25
26.10 -6.86
24.57 -7.08
23.60 -6.98
23.20 -6.67
23.30 -6.22
23.86 -5.67
24.81 -5.01
26.11 -4.21
27.74 -3.23
29.53 -2.10
31.41 -0.95
33.42 0.18
35.59 1.21
37.97 2.00
40.42 2.21
42.60 1.69
44.11 0.75
44.77 -0.25
44.59 -1.21
43.59 -2.09
41.82 -2.82
39.37 -3.37
36.38 -3.69
32.99 -3.71
29.27 -3.26
25.19 -2.08
20.90 -0.17
16.81 2.31
13.17 5.35
10.39 8.78
8.60 12.07
7.61 15.01
7.27 17.54
7.43 19.58
7.98 21.11
8.82 22.07
9.91 22.43
11.25 22.15
12.85 21.21
14.69 19.59
16.65 17.27
18.50 14.55
20.34 11.79
22.27 9.03
24.33 6.32
26.61 3.79
29.03 1.67
31.54 0.10
33.95 -0.82
36.18 -1.20
38.38 -1.01
40.78 -0.81
43.06 -0.93
45.19 -1.25
47.12 -1.73
48.84 -2.36
50.30 -3.12
51.43 -4.01
52.17 -5.03
52.44 -6.17
52.19 -7.42
51.37 -8.75
49.92 -10.17
47.79 -11.69
44.53 -13.16
40.41 -14.01
36.09 -14.31
31.80 -14.00
27.66 -12.97
23.79 -11.32
20.35 -9.25
17.41 -7.04
14.80 -4.83
12.45 -2.56
10.45 -0.51
8.36 0.94
6.02 1.99
3.44 2.69
0.66 3.07
-2.31 3.11
-5.43 2.83
-8.71 2.22
-12.12 1.27
-15.67 0.00
-19.33 -1.60
-23.08 -3.52
-26.89 -5.74
-30.72 -8.21
-34.43 -10.69
-37.44 -12.87
-39.41 -14.85
-40.19 -16.63
-39.72 -18.22
-37.95 -19.62
-34.93 -20.84
-30.81 -21.93
-25.75 -22.84
-20.17 -23.33
-14.29 -23.32
-8.12 -22.80
-1.72 -21.75
4.82 -20.33
11.06 -18.79
16.64 -17.07
21.58 -15.14
25.93 -13.00
29.72 -10.68
32.99 -8.24
35.75 -5.78
37.86 -3.39
39.23 -1.05
39.87 1.29
39.79 3.64
39.02 6.01
37.55 8.40
35.38 10.79
32.50 13.20
28.87 15.59
24.45 17.92
19.29 20.14
13.41 22.32
7.10 24.56
0.90 26.38
-4.87 27.48
-9.72 28.06
-13.53 28.17
-16.39 27.85
-18.39 27.09
-19.66 25.93
-20.26 24.43
-20.23 22.64
-19.57 20.59
-18.22 18.30
-15.99 15.90
-13.35 13.73
-10.63 11.73
-7.77 9.88
-4.73 8.21
-1.46 6.74
2.11 5.54
6.05 4.61
10.45 3.96
15.29 3.59
20.46 3.39
25.86 3.17
31.35 2.75
36.82 2.08
42.26 1.14
47.73 -0.24
53.62 -2.22
60.06 -4.72
66.66 -7.48
73.10 -10.33
79.19 -13.15
84.79 -15.75
89.79 -18.10
94.18 -20.24
97.96 -22.19
101.18 -23.93
103.86 -25.38
105.94 -26.43
107.44 -27.07
108.46 -27.29
108.71 -27.15
107.68 -26.86
105.55 -26.43
102.44 -25.93
98.49 -25.38
93.80 -24.78
88.55 -24.06
82.76 -23.20
76.40 -22.23
69.44 -21.19
61.83 -20.13
53.51 -19.10
44.75 -18.17
36.17 -17.15
27.75 -16.17
19.76 -15.18
12.33 -14.05
5.65 -12.75
-0.09 -11.21
-5.61 -9.90
-11.12 -9.03
-16.62 -8.55
-22.15 -8.46
-27.74 -8.75
-33.45 -9.48
-39.59 -10.63
-44.85 -11.63
-49.29 -12.45
-52.87 -13.07
-55.56 -13.42
-57.33 -13.47
-58.15 -13.20
-57.97 -12.60
-56.77 -11.67
-54.50 -10.43
-51.15 -8.91
-46.67 -7.21
-41.29 -5.36
-35.18 -3.29
-28.66 -1.13
-22.44 0.94
-16.96 2.90
-12.26 4.87
-8.32 6.89
-5.11 8.94
-2.58 11.00
-0.66 13.10
0.66 15.25
1.37 17.42
1.60 19.53
1.37 21.61
0.65 23.73
-0.62 25.93
-2.50 28.23
-5.05 30.67
-8.33 33.26
-12.36 36.01
-16.99 38.94
-21.76 42.15
-26.03 45.36
-29.62 48.19
-32.61 50.57
-35.03 52.45
-36.85 53.76
-38.08 54.49
-38.78 54.62
-38.99 54.18
-38.77 53.14
-38.11 51.51
-37.00 49.30
-35.42 46.53
-33.22 43.25
-30.35 39.41
-27.02 35.15
-23.24 30.86
-18.91 26.78
-14.19 23.11
-9.43 19.94
-4.83 17.19
-0.45 14.77
3.75 12.60
7.77 10.64
11.65 8.84
15.42 7.24
19.26 5.83
23.41 4.40
27.78 2.79
32.11 1.16
36.15 -0.26
39.81 -1.52
43.05 -2.63
45.84 -3.60
48.08 -4.43
49.62 -5.18
50.34 -5.97
50.13 -6.89
48.89 -8.06
46.52 -9.57
43.24 -11.50
39.78 -13.82
36.57 -16.36
33.77 -19.07
31.52 -21.89
29.87 -24.72
28.81 -27.55
28.36 -30.32
28.52 -33.01
29.24 -35.56
30.43 -37.92
32.06 -40.12
34.08 -42.24
36.30 -44.33
38.37 -46.37
40.16 -48.28
41.67 -49.98
42.93 -51.38
43.99 -52.37
44.83 -52.83
45.38 -52.66
45.53 -51.90
45.25 -50.58
44.52 -48.76
43.30 -46.53
41.61 -44.02
39.62 -41.31
37.67 -38.41
35.82 -35.33
34.02 -32.13
32.23 -28.87
30.42 -25.59
28.58 -22.37
26.70 -19.26
24.78 -16.33
22.85 -13.65
20.95 -11.29
19.17 -9.33
17.36 -8.01
15.31 -7.29
13.03 -7.19
10.10 -7.92
6.14 -9.59
1.41 -12.15
-3.77 -15.52
-9.22 -19.29
-14.92 -23.01
-20.78 -26.49
-26.66 -29.72
-32.39 -32.64
-37.91 -35.17
-43.26 -37.20
-48.52 -38.49
-53.25 -39.03
-57.34 -39.00
-60.80 -38.44
-63.63 -37.32
-65.82 -35.62
-67.41 -33.34
-68.45 -30.51
-68.90 -27.16
-68.66 -23.28
-67.32 -18.86
-64.72 -14.03
-61.34 -8.83
-57.60 -3.33
-53.55 2.50
-49.12 8.73
-44.20 15.44
-38.75 22.49
-32.88 29.48
-26.59 36.33
-19.97 42.89
-13.24 49.12
-6.57 54.95
0.26 60.19
7.31 64.76
14.41 68.67
21.43 71.99
28.26 74.80
34.75 77.14
40.76 79.01
46.22 80.33
51.09 81.11
55.25 81.41
58.79 81.51
62.01 81.49
64.79 81.39
66.61 81.07
67.59 80.28
67.82 78.98
67.36 77.23
66.29 75.08
64.66 72.52
62.51 69.54
59.85 66.12
56.71 62.26
53.08 57.92
48.95 52.95
44.93 47.40
41.21 41.73
37.67 36.02
34.31 30.24
31.15 24.40
28.28 18.55
25.76 12.79
23.65 7.31
22.02 2.33
20.87 -1.93
20.13 -5.27
19.48 -7.77
18.29 -9.85
16.65 -11.58
14.64 -13.18
12.34 -14.86
9.97 -16.48
7.57 -17.98
5.23 -19.38
2.91 -20.71
0.54 -22.02
-2.04 -23.41
-5.14 -24.95
-8.66 -26.08
-12.07 -26.51
-15.46 -26.51
-18.77 -26.28
-22.04 -26.05
-25.17 -25.98
-28.11 -26.10
-30.88 -26.44
-33.51 -27.05
-35.95 -27.92
-38.17 -29.04
-40.09 -30.41
-42.26 -32.49
-44.54 -35.16
-46.60 -37.95
-48.40 -40.70
-49.90 -43.33
-51.07 -45.81
-51.95 -48.13
-52.60 -50.27
-53.03 -52.04
-53.26 -52.90
-52.80 -52.94
-51.76 -52.34
-50.11 -51.20
-47.76 -49.56
-44.63 -47.40
-40.61 -44.62
-35.66 -41.12
-29.83 -37.17
-23.36 -33.04
-16.86 -28.52
-10.35 -23.46
-4.02 -18.07
2.02 -12.52
7.76 -6.89
13.08 -1.36
17.79 3.75
21.75 8.42
25.15 12.65
28.67 16.27
32.19 19.25
35.66 21.59
39.09 23.28
42.55 24.31
46.11 24.71
49.71 24.52
53.32 23.75
56.58 22.48
58.83 20.96
60.30 19.19
61.08 17.17
61.26 14.94
60.87 12.73
59.67 10.67
57.40 8.62
54.67 6.31
51.66 3.83
48.25 1.20
44.40 -1.54
40.10 -4.37
35.32 -7.26
30.03 -10.18
24.18 -13.05
18.06 -15.64
11.61 -17.97
4.52 -20.18
-2.98 -22.19
-10.71 -23.92
-18.55 -25.33
-26.22 -26.45
-33.44 -27.47
-40.12 -28.38
-46.29 -29.26
-51.23 -30.11
-54.81 -30.65
-57.16 -30.87
-58.36 -30.77
-58.45 -30.33
-57.45 -29.52
-55.38 -28.32
-52.21 -26.68
-47.89 -24.54
-42.32 -21.73
-36.19 -18.41
-29.88 -14.95
-23.37 -11.35
-16.68 -7.63
-9.91 -3.82
-3.34 0.08
2.62 3.87
7.86 7.36
12.43 10.37
16.84 13.30
21.13 16.26
25.21 19.15
29.02 21.91
32.47 24.51
35.49 26.97
38.04 29.32
40.11 31.59
41.74 33.81
42.96 35.99
43.86 38.14
44.62 40.25
45.26 41.90
45.17 42.88
44.36 43.23
42.79 42.93
40.42 42.01
37.23 40.50
33.22 38.44
28.41 35.88
22.85 32.91
16.81 29.76
10.48 26.54
3.77 23.24
-2.85 20.19
-9.20 17.55
-15.29 15.28
-21.08 13.44
-26.49 12.06
-31.38 11.16
-35.66 10.73
-39.27 10.75
-42.19 11.20
-44.42 12.09
-45.97 13.43
-46.82 15.22
-46.96 17.48
-46.36 20.24
-44.94 23.52
-42.62 27.40
-39.88 31.48
-36.83 35.41
-33.49 39.03
-30.05 42.08
-26.85 44.33
-24.06 45.77
-21.74 46.35
-19.95 46.01
-18.67 44.82
-17.86 42.81
-17.48 40.04
-17.48 36.55
-17.62 32.29
-17.31 27.53
-16.58 22.55
-15.58 17.33
-14.39 11.89
-13.10 6.40
-11.79 1.05
-10.52 -4.11
-9.37 -9.05
-8.39 -13.76
-7.66 -18.18
-7.27 -22.24
-7.27 -25.80
-7.65 -28.82
-8.30 -31.30
-9.22 -33.56
-10.43 -35.58
-11.51 -37.07
-12.28 -38.06
-12.74 -38.58
-12.89 -38.65
-12.79 -38.29
-12.53 -37.63
-12.11 -36.79
-11.51 -35.85
-10.73 -34.87
-9.77 -33.90
-8.62 -33.02
-7.33 -32.24
-5.97 -31.58
-4.63 -30.89
-3.06 -30.04
-1.02 -29.18
1.50 -28.45
4.48 -27.92
7.89 -27.66
11.70 -27.68
15.91 -27.95
20.53 -28.46
25.59 -29.18
31.03 -30.11
36.54 -31.30
42.02 -32.68
47.40 -34.25
52.22 -36.00
56.12 -37.69
59.12 -39.27
61.08 -40.70
61.99 -41.86
61.93 -42.67
60.90 -43.07
58.84 -43.03
55.70 -42.61
51.51 -41.87
46.30 -40.86
40.14 -39.66
33.12 -38.28
25.34 -36.71
17.15 -34.99
8.87 -33.26
0.52 -31.61
-7.86 -30.10
-15.98 -28.77
-23.49 -27.58
-30.22 -26.41
-36.05 -25.20
-40.93 -23.92
-44.86 -22.61
-47.93 -21.33
-50.19 -20.27
-51.57 -19.54
-52.37 -19.00
-53.14 -18.38
-53.68 -17.68
-53.94 -16.88
-53.89 -15.96
-53.61 -14.91
-53.14 -13.64
-52.46 -12.10
-51.55 -10.27
-50.41 -8.11
-49.06 -5.62
-47.50 -2.75
-45.76 0.33
-43.38 3.47
-40.14 6.99
-36.20 10.89
-31.99 14.83
-27.56 18.77
-22.98 22.72
-18.28 26.56
-13.38 30.22
-8.26 33.62
-2.92 36.73
2.64 39.61
8.37 42.47
13.73 45.27
18.42 47.54
22.44 49.16
25.81 50.12
28.58 50.42
30.83 50.09
32.59 49.12
33.90 47.51
34.74 45.25
35.07 42.33
34.80 38.81
34.27 35.23
33.98 32.04
33.92 29.20
34.01 26.74
34.10 24.69
34.15 22.96
34.16 21.53
33.99 20.39
33.55 19.61
32.94 19.29
32.26 19.35
31.28 19.36
29.78 19.35
27.79 19.41
25.34 19.55
22.51 19.75
19.38 19.97
15.99 20.16
12.48 20.35
8.94 20.40
5.22 20.22
1.09 19.99
-3.32 20.04
-7.71 20.31
-12.01 20.60
-16.19 20.80
-20.20 20.93
-23.96 21.00
-27.44 21.02
-30.57 20.93
-33.30 20.69
-35.58 20.30
-37.35 19.68
-38.53 18.72
-39.19 17.26
-39.64 15.43
-39.97 13.36
-40.23 11.12
-40.46 8.77
-40.67 6.42
-40.84 4.17
-40.89 2.14
-40.68 0.40
-40.11 -1.13
-39.20 -2.33
-37.93 -2.94
-36.03 -2.90
-33.21 -2.34
-29.64 -1.42
-25.56 -0.21
-21.12 1.34
-16.64 3.00
-12.36 4.28
-8.37 4.95
-4.62 4.89
-1.08 4.05
2.22 2.38
5.25 -0.16
7.85 -3.59
9.68 -7.78
10.49 -12.38
10.36 -17.17
9.36 -22.07
7.58 -27.00
5.14 -31.89
2.15 -36.66
-1.30 -41.32
-5.01 -45.83
-8.78 -49.90
-12.61 -53.22
-16.27 -55.66
-19.60 -57.70
-22.84 -59.52
-26.04 -61.07
-29.22 -62.30
-32.37 -63.18
-35.46 -63.70
-38.40 -63.83
-41.06 -63.53
-43.33 -62.75
-45.09 -61.52
-46.33 -59.92
-47.17 -58.17
-47.66 -56.56
-47.73 -54.68
-47.35 -52.28
-46.57 -49.38
-45.47 -46.07
-44.08 -42.57
-42.28 -39.09
-40.07 -35.62
-37.55 -32.13
-34.82 -28.67
-31.92 -25.36
-28.86 -22.32
-25.64 -19.65
-22.33 -17.61
-19.04 -16.37
-15.84 -15.82
-12.73 -15.82
-9.72 -16.33
-6.83 -17.30
-4.01 -18.66
-1.24 -20.34
1.53 -22.24
4.23 -24.21
6.74 -26.16
8.97 -28.02
10.90 -29.44
12.66 -30.12
14.27 -30.12
15.72 -29.39
17.16 -27.80
18.57 -25.50
19.93 -22.63
21.32 -19.30
22.81 -15.50
24.47 -11.04
26.33 -6.73
27.94 -2.84
29.10 0.85
29.78 4.38
29.95 7.74
29.63 10.89
28.83 13.80
27.57 16.44
25.86 18.84
23.66 21.03
20.86 23.09
17.46 25.19
13.85 27.13
10.08 28.75
6.15 30.03
2.06 30.83
-2.09 30.91
-6.07 30.17
-9.69 28.66
-12.75 26.58
-14.98 24.18
-16.61 21.67
-17.96 19.30
-19.01 17.11
-19.77 15.10
-20.33 13.32
-20.82 11.83
-21.31 10.69
-21.88 9.92
-22.59 9.57
-23.57 9.66
-24.74 10.19
-25.48 10.85
-25.74 11.63
-25.55 12.56
-24.93 13.71
-23.93 15.08
-22.59 16.68
-20.97 18.46
-19.07 20.42
-16.92 22.50
-15.09 24.91
-13.86 27.74
-13.18 30.78
-13.01 33.87
-13.29 36.99
-13.99 40.16
-15.09 43.37
-16.59 46.58
-18.43 49.72
-20.03 52.38
-21.21 54.41
-21.99 55.80
-22.34 56.56
-22.23 56.65
-21.62 56.07
-20.49 54.79
-18.83 52.79
-16.60 50.09
-14.03 46.79
-11.44 43.12
-8.80 39.01
-6.17 34.47
-3.36 29.60
-0.43 24.70
2.49 19.81
5.38 14.97
8.27 10.22
11.45 5.65
14.75 1.10
17.89 -3.43
20.77 -7.86
23.31 -12.05
25.41 -15.93
26.93 -19.44
27.73 -22.60
27.64 -25.47
26.56 -28.09
24.87 -30.15
22.75 -31.60
20.21 -32.47
17.29 -32.80
14.01 -32.63
10.39 -32.01
6.42 -30.99
2.25 -29.93
-2.32 -29.26
-7.55 -29.15
-13.42 -29.61
-19.91 -30.61
-26.97 -32.18
-34.56 -34.32
-42.61 -37.02
-50.94 -40.30
-59.37 -44.18
-67.34 -48.47
-74.29 -52.70
-80.19 -56.69
-85.03 -60.29
-88.84 -63.37
-91.68 -65.81
-93.66 -67.50
-94.59 -68.42
-94.53 -68.81
-93.83 -68.98
-92.29 -68.71
-90.09 -67.76
-87.42 -66.23
-84.38 -64.16
-81.01 -61.58
-77.39 -58.52
-73.55 -55.01
-69.32 -50.88
-64.60 -46.12
-59.74 -41.11
-54.91 -35.94
-50.22 -30.71
-45.78 -25.49
-41.70 -20.37
-38.06 -15.49
-34.96 -11.01
-32.55 -7.14
-30.64 -3.61
-29.07 -0.29
-27.79 2.84
-26.78 5.78
-25.97 8.57
-25.26 11.30
-24.50 14.13
-23.37 17.19
-21.78 20.31
-20.01 23.01
-18.11 25.24
-16.18 27.01
-14.29 28.27
-12.46 28.95
-10.70 28.97
-9.01 28.26
-7.35 26.72
-5.55 24.56
-3.38 22.23
-0.84 19.88
2.00 17.53
5.03 15.27
8.15 13.16
11.28 11.30
14.34 9.81
17.31 8.72
19.91 7.70
21.79 6.19
22.92 4.32
23.24 2.23
22.75 0.08
21.46 -1.96
19.45 -3.73
16.82 -5.09
13.74 -5.76
10.34 -5.54
6.71 -4.57
2.86 -2.86
-1.15 -0.61
-5.22 1.95
-9.19 4.62
-12.94 7.18
-16.48 9.33
-19.86 10.70
-23.01 11.35
-25.82 11.52
-28.21 11.34
-30.10 10.93
-31.41 10.36
-32.11 9.71
-32.17 9.11
-31.61 8.73
-30.55 8.17
-29.09 7.20
-27.28 5.83
-25.20 4.07
-22.90 1.97
-20.39 -0.43
-17.60 -3.11
-14.50 -5.94
-11.18 -8.35
-7.77 -10.05
-4.35 -11.11
-0.98 -11.60
2.32 -11.59
5.48 -11.12
8.45 -10.22
11.13 -9.06
13.44 -8.25
15.40 -8.05
16.97 -8.44
18.10 -9.43
18.71 -11.02
18.69 -13.21
17.87 -15.92
16.26 -18.75
13.95 -20.89
11.07 -22.22
7.79 -22.81
4.27 -22.66
0.61 -21.76
-2.94 -20.19
-6.20 -18.27
