-40.00 60.00
-39.72 59.63
-39.02 58.74
-37.92 57.34
-36.39 55.42
-34.45 52.97
-32.07 49.98
-29.25 46.43
-25.96 42.31
-22.21 37.59
-17.94 32.23
-13.15 26.18
-7.76 19.38
-1.73 11.73
4.92 3.12
11.77 -5.54
18.23 -13.43
24.24 -20.48
29.77 -26.66
34.79 -31.96
39.30 -36.34
43.16 -39.60
46.20 -41.59
48.36 -42.23
49.62 -41.49
49.94 -39.35
49.54 -35.96
48.54 -31.69
46.91 -26.65
44.63 -20.89
41.69 -14.42
38.07 -7.28
33.76 0.33
29.13 7.65
24.57 14.28
20.17 20.20
15.97 25.40
11.98 29.90
8.23 33.71
4.74 36.82
1.52 39.25
-1.39 40.98
-3.96 42.04
-6.15 42.45
-7.94 42.25
-9.30 41.48
-10.23 40.16
-10.74 38.32
-10.82 35.98
-10.47 33.15
-9.70 29.83
-8.51 26.04
-6.89 21.78
-4.85 17.08
-2.42 11.93
0.36 6.42
3.43 0.72
6.73 -4.97
10.28 -10.47
14.06 -15.59
17.99 -20.10
22.00 -23.82
26.01 -26.63
30.00 -28.45
33.92 -29.25
37.74 -29.04
41.46 -27.83
45.01 -25.66
48.35 -22.59
51.41 -18.70
54.11 -14.18
56.40 -9.24
58.28 -4.05
59.84 1.26
61.07 6.40
61.71 11.17
61.62 15.59
60.76 19.61
59.09 23.19
56.60 26.27
53.27 28.81
49.13 30.75
44.31 32.00
38.96 32.48
33.17 32.16
27.03 30.99
20.67 28.94
14.35 25.99
8.41 22.29
2.98 18.09
-1.89 13.59
-6.17 8.99
-9.82 4.50
-12.83 0.22
-15.19 -3.75
-16.89 -7.39
-17.94 -10.63
-18.34 -13.46
-18.11 -15.85
-17.24 -17.77
-15.73 -19.21
-13.58 -20.14
-10.81 -20.56
-7.41 -20.44
-3.41 -19.76
1.15 -18.53
6.26 -16.77
11.98 -14.55
18.43 -11.96
25.63 -9.08
33.42 -6.04
41.22 -3.08
48.23 -0.33
54.17 2.08
59.03 4.11
62.86 5.74
65.74 6.98
67.72 7.85
68.86 8.37
69.20 8.54
68.78 8.39
67.62 7.92
65.74 7.14
63.17 6.06
59.92 4.68
56.01 3.01
51.43 1.04
46.20 -1.20
40.33 -3.71
33.81 -6.47
26.65 -9.48
18.85 -12.70
10.45 -16.09
1.51 -19.60
-7.88 -23.06
-17.40 -26.12
-26.56 -28.58
-34.97 -30.35
-42.29 -31.42
-48.40 -31.85
-53.36 -31.65
-57.27 -30.86
-60.23 -29.49
-62.30 -27.58
-63.53 -25.16
-63.94 -22.24
-63.57 -18.87
-62.45 -15.08
-60.61 -10.93
-58.10 -6.47
-54.95 -1.76
-51.23 3.12
-46.98 8.11
-42.25 13.09
-37.17 17.90
-31.89 22.38
-26.53 26.49
-21.15 30.26
-15.81 33.68
-10.52 36.60
-5.27 38.92
-0.10 40.66
4.91 41.82
9.72 42.33
14.30 42.16
18.56 41.30
22.42 39.76
25.78 37.52
28.54 34.61
30.72 31.10
32.36 27.07
33.58 22.63
34.54 17.93
35.35 13.10
36.07 8.18
36.76 3.25
37.50 -1.62
38.34 -6.36
39.31 -10.89
40.45 -15.14
41.75 -19.05
43.22 -22.59
44.84 -25.71
46.60 -28.40
48.44 -30.65
50.31 -32.44
52.15 -33.75
53.94 -34.50
55.70 -34.67
57.44 -34.23
59.14 -33.15
60.79 -31.42
62.36 -29.01
63.76 -25.87
64.88 -22.02
65.67 -17.53
66.38 -12.59
67.14 -7.48
67.84 -2.42
68.29 2.44
68.20 6.98
67.48 11.06
66.17 14.57
64.31 17.44
62.01 19.62
59.34 21.06
56.43 21.72
53.12 21.64
49.40 21.00
45.39 19.80
41.17 18.04
36.80 15.72
32.35 12.83
27.93 9.36
23.63 5.32
19.59 0.76
15.89 -4.25
12.60 -9.61
9.81 -15.18
7.58 -20.77
6.03 -26.19
5.16 -31.23
4.93 -35.73
5.25 -39.59
6.01 -42.64
6.92 -44.78
7.82 -46.07
8.67 -46.59
9.41 -46.37
9.99 -45.42
10.35 -43.75
10.41 -41.36
10.13 -38.25
9.48 -34.43
8.49 -29.85
7.24 -24.48
5.85 -18.27
4.45 -11.32
3.00 -3.85
1.55 3.90
0.09 11.59
-1.50 18.94
-3.35 25.74
-5.44 31.95
-7.77 37.49
-10.36 42.32
-13.19 46.43
-16.24 49.79
-19.45 52.38
-22.78 54.19
-26.15 55.20
-29.48 55.40
-32.70 54.80
-35.73 53.39
-38.51 51.15
-41.00 48.10
-43.19 44.35
-45.02 40.03
-46.42 35.28
-47.31 30.28
-47.63 25.24
-47.36 20.35
-46.49 15.76
-45.06 11.56
-43.16 7.82
-40.85 4.63
-38.20 2.03
-35.26 0.04
-32.07 -1.30
-28.67 -1.97
-25.12 -1.93
-21.49 -1.13
-17.88 0.43
-14.38 2.74
-11.05 5.75
-7.93 9.47
-5.05 13.90
-2.49 19.04
-0.39 24.87
1.13 31.22
1.99 37.68
2.15 43.77
1.71 49.20
0.90 53.80
-0.07 57.50
-1.05 60.26
-1.94 62.10
-2.68 63.00
-3.22 62.96
-3.52 61.97
-3.56 60.02
-3.31 57.10
-2.75 53.18
-1.87 48.26
-0.64 42.33
0.98 35.41
2.90 27.65
5.05 19.15
7.50 9.98
10.39 0.29
13.79 -9.65
17.58 -19.49
21.63 -28.93
25.92 -37.68
30.41 -45.53
35.00 -52.36
39.61 -58.11
44.19 -62.77
48.71 -66.36
53.13 -68.91
57.42 -70.44
61.52 -70.98
65.35 -70.56
68.86 -69.23
71.94 -67.03
74.49 -64.03
76.43 -60.31
77.69 -55.97
78.24 -51.09
78.03 -45.80
77.04 -40.23
75.26 -34.52
72.72 -28.83
69.44 -23.28
65.46 -18.03
60.86 -13.24
55.77 -9.08
50.38 -5.64
44.83 -2.94
39.22 -0.92
33.58 0.44
27.95 1.18
22.37 1.33
16.87 0.92
11.48 -0.03
6.23 -1.49
1.17 -3.40
-3.68 -5.75
-8.24 -8.47
-12.49 -11.52
-16.35 -14.84
-19.80 -18.36
-22.79 -22.03
-25.29 -25.78
-27.28 -29.56
-28.77 -33.30
-29.77 -36.90
-30.29 -40.10
-30.27 -42.54
-29.74 -43.94
-28.81 -44.18
-27.57 -43.24
-26.05 -41.28
-24.28 -38.61
-22.37 -35.40
-20.37 -31.77
-18.26 -27.81
-16.06 -23.60
-13.77 -19.24
-11.43 -14.79
-9.12 -10.29
-6.88 -5.76
-4.73 -1.23
-2.70 3.31
-0.81 7.85
0.93 12.39
2.51 16.92
3.90 21.45
5.08 25.98
6.01 30.50
6.63 34.96
6.87 39.28
6.70 43.33
6.11 46.97
5.06 50.03
3.55 52.37
1.63 54.07
-0.66 55.24
-3.20 55.96
-5.79 56.29
-8.25 56.22
-10.55 55.73
-12.67 54.87
-14.55 53.71
-16.13 52.29
-17.40 50.68
-18.33 48.90
-18.93 47.01
-19.17 45.02
-19.08 42.98
-18.65 40.92
-17.90 38.86
-16.84 36.84
-15.49 34.91
-13.88 33.08
-12.00 31.37
-9.86 29.79
-7.45 28.33
-4.77 26.99
-1.79 25.77
1.48 24.64
5.04 23.60
8.89 22.66
13.00 21.84
17.34 21.13
21.86 20.55
26.50 20.08
31.19 19.70
35.83 19.38
40.31 19.07
44.49 18.73
48.19 18.32
51.21 17.71
53.24 16.78
54.05 15.56
53.60 14.05
52.00 12.30
49.42 10.35
45.95 8.17
41.68 5.70
36.77 2.93
31.47 -0.03
25.99 -3.08
20.34 -6.22
14.53 -9.46
8.54 -12.80
2.34 -16.17
-4.08 -19.47
-10.69 -22.67
-17.43 -25.82
-24.23 -28.94
-30.97 -32.06
-37.52 -35.13
-43.78 -38.10
-49.66 -41.00
-55.06 -43.88
-59.88 -46.69
-63.98 -49.31
-67.33 -51.67
-69.92 -53.71
-71.74 -55.37
-72.81 -56.64
-73.12 -57.47
-72.69 -57.86
-71.58 -57.78
-69.84 -57.23
-67.51 -56.22
-64.63 -54.75
-61.20 -52.85
-57.24 -50.58
-52.68 -48.04
-47.48 -45.26
-41.64 -42.28
-35.22 -39.28
-28.58 -36.26
-21.76 -33.07
-14.72 -29.64
-7.57 -25.90
-0.40 -21.84
6.60 -17.48
13.27 -13.00
19.59 -8.53
25.49 -4.16
30.92 0.07
35.81 4.09
40.12 7.89
43.82 11.40
46.88 14.62
49.25 17.50
50.87 20.03
51.63 22.20
51.34 23.95
50.46 25.21
49.19 25.96
47.58 26.17
45.71 25.84
43.65 25.01
41.43 23.73
39.04 22.05
36.46 19.98
33.68 17.55
30.70 14.76
27.53 11.64
24.19 8.22
20.69 4.52
17.07 0.57
13.32 -3.58
9.50 -7.89
5.77 -12.29
2.35 -16.68
-0.68 -20.86
-3.30 -24.66
-5.51 -27.92
-7.38 -30.57
-9.03 -32.57
-10.55 -33.85
-11.95 -34.33
-13.14 -34.06
-14.08 -33.09
-14.70 -31.51
-14.96 -29.43
-14.87 -26.97
-14.47 -24.22
-13.78 -21.22
-12.80 -18.01
-11.53 -14.63
-9.90 -11.08
-7.79 -7.30
-5.77 -3.42
-4.11 0.45
-2.79 4.27
-1.89 7.95
-1.69 11.22
-2.18 13.84
-3.12 15.84
-4.40 17.27
-5.91 18.15
-7.54 18.51
-9.16 18.40
-10.69 17.90
-12.04 17.08
-13.20 15.99
-14.15 14.68
-14.89 13.16
-15.37 11.44
-15.52 9.57
-15.17 7.63
-14.40 5.69
-13.39 3.85
-12.13 2.18
-10.58 0.64
-8.52 -0.71
-5.73 -1.35
-2.48 -1.20
1.11 -0.35
4.98 1.16
9.05 3.33
13.21 6.12
17.31 9.43
21.27 13.25
25.01 17.56
28.39 22.35
31.24 27.49
33.46 32.84
35.05 38.37
36.02 44.06
36.30 49.73
35.90 55.29
34.97 60.61
33.73 65.41
32.11 69.43
30.03 72.56
27.57 74.74
24.85 76.02
21.87 76.47
18.61 76.13
15.07 75.03
11.23 73.19
7.08 70.63
2.62 67.34
-2.14 63.34
-7.20 58.61
-12.56 53.20
-18.25 47.11
-24.32 40.41
-30.76 33.29
-37.42 26.03
-44.08 18.68
-50.43 11.34
-56.31 4.04
-61.66 -3.09
-66.52 -9.99
-70.89 -16.56
-74.74 -22.76
-78.00 -28.57
-80.65 -33.95
-82.67 -38.87
-84.06 -43.30
-84.82 -47.22
-84.93 -50.60
-84.39 -53.44
-83.16 -55.73
-81.22 -57.45
-78.55 -58.61
-75.12 -59.19
-70.91 -59.18
-65.89 -58.56
-60.05 -57.29
-53.41 -55.32
-45.98 -52.69
-37.68 -49.44
-28.42 -45.58
-18.24 -41.11
-7.44 -36.13
3.57 -30.87
14.63 -25.69
25.49 -20.78
35.99 -16.21
46.03 -12.03
55.55 -8.26
64.46 -4.92
72.70 -2.02
80.23 0.43
87.00 2.44
92.99 4.02
98.19 5.16
102.58 5.89
106.14 6.21
108.88 6.13
110.76 5.66
111.77 4.80
111.90 3.55
111.11 1.92
109.36 -0.12
106.61 -2.60
102.79 -5.53
97.82 -8.95
91.68 -12.76
84.46 -16.83
76.17 -21.20
66.85 -25.86
56.53 -30.83
45.34 -36.00
33.68 -41.17
21.89 -46.17
10.09 -50.89
-1.61 -55.26
-13.16 -59.16
-24.45 -62.51
-35.33 -65.22
-45.66 -67.23
-55.33 -68.55
-64.27 -69.20
-72.47 -69.18
-79.88 -68.53
-86.49 -67.26
-92.26 -65.41
-97.16 -63.02
-101.18 -60.11
-104.31 -56.73
-106.52 -52.92
-107.81 -48.70
-108.17 -44.13
-107.59 -39.23
-106.04 -34.04
-103.51 -28.61
-99.98 -22.96
-95.41 -17.14
-89.78 -11.20
-83.09 -5.24
-75.36 0.65
-66.62 6.33
-56.98 11.66
-46.61 16.51
-35.71 20.77
-24.59 24.33
-13.68 27.30
-3.23 29.78
6.71 31.77
16.18 33.31
25.23 34.48
33.82 35.39
41.79 36.15
48.97 36.77
55.29 37.24
60.73 37.57
65.26 37.76
68.85 37.83
71.50 37.78
73.21 37.62
73.99 37.36
73.85 37.00
72.82 36.56
70.89 36.04
68.08 35.45
64.40 34.84
59.88 34.28
54.64 33.94
48.81 33.79
42.48 33.77
35.82 33.83
29.20 33.77
23.00 33.40
17.21 32.70
11.77 31.72
6.65 30.46
1.81 28.96
-2.77 27.23
-7.13 25.25
-11.09 23.04
-14.53 20.79
-17.47 18.52
-19.88 16.27
-21.74 14.09
-23.01 12.01
-23.67 10.09
-23.68 8.37
-23.01 6.86
-21.65 5.57
-19.64 4.48
-17.11 3.70
-14.25 3.41
-11.27 3.77
-8.35 4.77
-5.71 6.31
-3.42 8.31
-1.49 10.70
0.11 13.37
1.37 16.21
2.27 19.09
2.76 21.90
2.82 24.56
2.44 26.99
1.62 29.11
0.40 30.84
-1.19 32.15
-3.14 32.98
-5.41 33.28
-7.98 32.99
-10.81 32.07
-13.88 30.54
-17.24 28.43
-20.81 25.76
-24.49 22.52
-28.14 18.78
-31.57 14.59
-34.60 9.98
-37.11 5.08
-39.02 0.00
-40.29 -5.15
-40.93 -10.32
-41.03 -15.44
-40.74 -20.53
-40.05 -25.45
-38.92 -30.22
-37.36 -34.85
-35.35 -39.33
-32.88 -43.59
-30.00 -47.54
-26.78 -51.04
-23.27 -53.96
-19.53 -56.17
-15.60 -57.63
-11.55 -58.30
-7.43 -58.16
-3.38 -57.22
0.40 -55.54
3.70 -53.26
6.37 -50.55
8.36 -47.57
9.63 -44.42
10.20 -41.19
10.06 -37.95
9.23 -34.76
7.71 -31.67
5.51 -28.73
2.64 -26.02
-0.88 -23.62
-5.01 -21.63
-9.68 -20.13
-14.81 -19.19
-20.31 -18.84
-26.12 -19.11
-32.26 -20.02
-38.40 -21.78
-44.24 -24.37
-49.61 -27.71
-54.25 -31.63
-57.94 -35.88
-60.54 -40.22
-62.01 -44.43
-62.35 -48.34
-61.56 -51.83
-59.69 -54.78
-56.88 -57.19
-53.29 -59.05
-49.00 -60.33
-44.06 -61.03
-38.46 -61.09
-32.25 -60.47
-25.57 -59.19
-18.47 -57.30
-11.04 -54.85
-3.41 -51.82
4.23 -48.21
11.71 -43.96
18.80 -39.03
25.28 -33.46
30.93 -27.33
35.59 -20.81
39.14 -14.06
41.56 -7.26
42.85 -0.61
43.13 5.72
42.55 11.71
41.15 16.96
38.93 21.44
36.01 25.27
32.52 28.49
28.60 31.09
24.38 33.08
19.99 34.41
15.54 35.08
11.16 35.07
6.96 34.42
3.00 33.15
-0.62 31.32
-3.87 29.00
-6.72 26.26
-9.14 23.17
-11.15 19.77
-12.65 16.27
-13.59 12.84
-13.94 9.58
-13.72 6.68
-12.97 4.28
-11.74 2.51
-10.11 1.44
-8.21 1.16
-6.18 1.66
-4.27 2.89
-2.69 4.75
-1.58 7.12
-0.99 9.90
-0.95 12.98
-1.48 16.25
-2.56 19.59
-4.17 22.86
-6.27 25.99
-8.82 28.90
-11.75 31.56
-14.99 33.91
-18.45 35.90
-22.03 37.46
-25.60 38.55
-29.02 39.19
-32.16 39.43
-34.91 39.30
-37.23 38.84
-39.06 38.08
-40.36 37.08
-41.14 35.92
-41.41 34.68
-41.23 33.50
-40.49 32.61
-38.99 32.04
-36.72 31.76
-33.71 31.76
-30.02 32.04
-25.75 32.55
-20.96 33.29
-15.76 34.21
-10.23 35.24
-4.51 36.34
1.25 37.46
6.84 38.59
11.95 39.61
16.31 40.38
19.92 40.74
22.74 40.59
24.79 39.88
26.15 38.59
26.90 36.71
27.13 34.21
26.89 31.09
26.21 27.32
25.14 22.90
23.70 17.85
21.88 12.19
19.70 6.02
17.17 -0.56
14.35 -7.37
11.34 -14.28
8.28 -21.14
5.28 -27.79
2.40 -34.10
-0.36 -39.92
-3.04 -45.14
-5.70 -49.76
-8.17 -53.70
-10.45 -56.83
-12.63 -59.18
-14.76 -60.82
-16.91 -61.80
-19.13 -62.17
-21.50 -61.97
-24.10 -61.24
-26.99 -60.01
-30.25 -58.31
-33.92 -56.21
-37.98 -53.81
-42.38 -51.27
-47.04 -48.80
-51.87 -46.50
-56.78 -44.43
-61.77 -42.62
-66.72 -41.13
-71.55 -40.03
-76.23 -39.42
-80.62 -39.34
-84.64 -39.77
-88.21 -40.68
-91.27 -41.99
-93.77 -43.61
-95.63 -45.43
-96.76 -47.34
-97.08 -49.22
-96.50 -50.95
-94.97 -52.41
-92.46 -53.47
-89.00 -54.05
-84.67 -54.09
-79.55 -53.55
-73.76 -52.39
-67.41 -50.58
-60.62 -48.06
-53.50 -44.78
-46.22 -40.70
-38.96 -35.85
-31.83 -30.38
-24.89 -24.36
-18.22 -17.85
-11.92 -10.89
-6.08 -3.54
-0.82 4.12
3.75 11.99
7.56 19.92
10.47 27.71
12.45 35.07
13.59 41.79
13.98 47.84
13.58 53.18
12.51 57.65
10.90 61.19
8.87 63.79
6.51 65.41
3.91 66.05
1.16 65.71
-1.65 64.38
-4.45 62.05
-7.13 58.74
-9.62 54.46
-11.81 49.26
-13.65 43.22
-15.08 36.42
-16.08 28.99
-16.65 21.09
-16.76 12.90
-16.38 4.66
-15.50 -3.42
-14.14 -11.12
-12.38 -18.29
-10.25 -24.80
-7.80 -30.37
-5.17 -34.84
-2.45 -38.17
0.22 -40.38
2.76 -41.48
5.07 -41.51
7.08 -40.51
8.74 -38.55
9.99 -35.70
10.79 -32.02
11.10 -27.61
10.91 -22.58
10.19 -17.06
8.96 -11.19
7.22 -5.07
4.93 1.19
2.02 7.46
-1.54 13.48
-5.67 19.02
-10.25 23.91
-15.14 28.01
-20.17 31.24
-25.15 33.55
-29.94 34.96
-34.41 35.48
-38.46 35.18
-42.01 34.10
-45.03 32.33
-47.47 29.91
-49.32 26.92
-50.57 23.42
-51.22 19.44
-51.29 15.03
-50.76 10.24
-49.64 5.09
-47.91 -0.35
-45.53 -6.01
-42.42 -11.80
-38.52 -17.62
-33.78 -23.33
-28.18 -28.74
-21.80 -33.60
-14.83 -37.71
-7.39 -40.95
0.36 -43.16
8.14 -44.22
15.64 -44.16
22.62 -43.12
