0.00 200.00
0.01 199.17
0.02 197.69
0.05 195.56
0.10 192.76
0.15 189.29
0.22 185.15
0.31 180.33
0.41 174.82
0.52 168.60
0.66 161.67
0.81 153.99
0.99 145.57
1.20 136.36
1.43 126.34
1.70 115.49
2.01 103.75
2.36 91.08
2.78 77.42
3.27 62.67
3.86 46.72
4.53 29.49
5.43 10.97
7.17 -8.51
9.83 -27.07
12.93 -44.33
16.27 -60.33
19.73 -75.16
23.24 -88.89
26.76 -101.60
30.26 -113.35
33.73 -124.20
37.15 -134.17
40.52 -143.30
43.84 -151.62
47.10 -159.14
50.29 -165.89
53.41 -171.88
56.47 -177.12
59.45 -181.63
62.36 -185.40
65.18 -188.46
67.92 -190.81
70.57 -192.44
73.12 -193.37
75.58 -193.60
77.94 -193.12
80.18 -191.95
82.32 -190.08
84.32 -187.51
86.20 -184.23
87.94 -180.26
89.54 -175.57
90.98 -170.17
92.25 -164.05
93.33 -157.21
94.22 -149.62
94.90 -141.29
95.34 -132.20
95.51 -122.34
95.40 -111.69
94.95 -100.23
94.12 -87.96
92.86 -74.85
91.08 -60.92
88.70 -46.17
85.60 -30.64
81.65 -14.46
76.73 2.00
70.72 18.27
63.74 33.94
56.00 48.77
47.76 62.57
39.20 75.32
30.42 87.01
21.51 97.64
12.53 107.25
3.55 115.86
-5.38 123.50
-14.22 130.21
-22.95 136.00
-31.52 140.89
-39.92 144.91
-48.11 148.07
-56.07 150.38
-63.76 151.86
-71.16 152.53
-78.24 152.42
-84.97 151.55
-91.34 149.94
-97.33 147.61
-102.92 144.59
-108.10 140.90
-112.84 136.55
-117.14 131.58
-120.96 126.00
-124.31 119.85
-127.14 113.14
-129.46 105.90
-131.23 98.18
-132.44 89.98
-133.05 81.36
-133.06 72.33
-132.43 62.95
-131.13 53.24
-129.13 43.25
-126.41 33.01
-122.91 22.59
-118.62 12.04
-113.48 1.42
-107.47 -9.18
-100.58 -19.67
-92.80 -29.96
-84.16 -39.94
-74.67 -49.50
-64.39 -58.54
-53.37 -66.93
-41.74 -74.58
-29.62 -81.43
-17.12 -87.46
-4.34 -92.64
8.66 -96.96
21.77 -100.39
34.88 -102.88
47.86 -104.42
60.55 -105.04
72.85 -104.80
84.66 -103.75
95.92 -101.96
106.58 -99.48
116.60 -96.37
125.95 -92.66
134.61 -88.40
142.56 -83.63
149.77 -78.37
156.23 -72.67
161.92 -66.56
166.83 -60.07
170.92 -53.24
174.20 -46.12
176.64 -38.75
178.27 -31.18
179.08 -23.46
179.08 -15.59
178.36 -7.58
177.01 0.44
174.98 8.29
172.20 15.91
168.63 23.29
164.28 30.42
159.12 37.26
153.14 43.80
146.35 50.02
138.74 55.89
130.30 61.38
121.03 66.44
110.91 71.04
99.95 75.10
88.14 78.54
75.55 81.23
62.25 83.08
48.34 83.99
33.93 83.89
19.15 82.68
4.16 80.29
-10.78 76.65
-25.38 71.80
-39.40 65.90
-52.67 59.14
-65.12 51.70
-76.73 43.75
-87.51 35.43
-97.52 26.85
-106.82 18.19
-115.29 9.66
-122.81 1.28
-129.38 -6.97
-135.03 -15.05
-139.79 -22.95
-143.68 -30.66
-146.71 -38.13
-148.90 -45.36
-150.26 -52.32
-150.80 -58.98
-150.54 -65.32
-149.47 -71.31
-147.62 -76.93
-145.00 -82.16
-141.61 -86.96
-137.47 -91.32
-132.58 -95.19
-126.98 -98.56
-120.68 -101.39
-113.70 -103.68
-106.05 -105.39
-97.76 -106.51
-88.84 -107.03
-79.31 -106.93
-69.16 -106.18
-58.42 -104.76
-47.08 -102.64
-35.17 -99.78
-22.69 -96.13
-9.68 -91.65
3.82 -86.26
17.70 -79.90
31.87 -72.56
46.15 -64.24
60.43 -55.00
74.57 -44.97
88.53 -34.26
102.13 -23.00
114.93 -11.57
126.81 -0.32
137.81 10.64
147.98 21.22
157.30 31.35
165.78 41.02
173.41 50.22
180.21 58.95
186.18 67.22
191.33 75.03
195.68 82.38
199.22 89.26
201.98 95.67
203.95 101.59
205.16 107.02
205.61 111.94
205.31 116.35
204.30 120.23
202.57 123.59
200.14 126.41
197.02 128.69
193.23 130.43
188.75 131.62
183.60 132.26
177.79 132.34
171.31 131.85
164.17 130.77
156.36 129.10
147.90 126.83
138.80 123.93
129.05 120.40
118.67 116.22
107.66 111.38
96.04 105.87
83.81 99.68
71.00 92.81
57.61 85.26
43.68 77.03
29.23 68.12
14.28 58.51
-1.15 48.21
-16.99 37.25
-33.06 25.81
-48.94 14.33
-64.40 3.12
-79.33 -7.69
-93.71 -18.00
-107.49 -27.78
-120.69 -37.02
-133.30 -45.66
-145.29 -53.63
-156.57 -60.94
-167.10 -67.63
-176.87 -73.72
-185.87 -79.28
-194.12 -84.31
-201.63 -88.85
-208.40 -92.92
-214.43 -96.53
-219.74 -99.70
-224.33 -102.44
-228.20 -104.76
-231.34 -106.67
-233.77 -108.17
-235.48 -109.28
-236.47 -109.99
-236.74 -110.32
-236.28 -110.27
-235.09 -109.83
-233.17 -109.02
-230.50 -107.82
-227.09 -106.25
-222.92 -104.30
-217.98 -101.96
-212.27 -99.24
-205.76 -96.13
-198.44 -92.62
-190.30 -88.71
-181.31 -84.37
-171.45 -79.59
-160.71 -74.35
-149.11 -68.62
-136.71 -62.45
-123.53 -55.89
-109.52 -48.93
-94.64 -41.56
-78.86 -33.80
-62.12 -25.64
-44.42 -17.15
-25.80 -8.52
-6.28 -0.01
13.97 8.11
34.62 15.50
55.27 21.93
75.53 27.39
95.19 31.95
114.09 35.70
132.12 38.73
149.22 41.14
165.39 43.03
180.64 44.46
194.97 45.49
208.40 46.15
220.96 46.48
232.65 46.50
243.49 46.24
253.49 45.72
262.67 44.95
271.02 43.94
278.57 42.73
285.33 41.31
291.29 39.69
296.46 37.90
300.86 35.94
304.48 33.81
307.33 31.53
309.41 29.11
310.73 26.56
311.27 23.88
311.06 21.08
310.07 18.19
308.32 15.19
305.79 12.12
302.49 8.98
298.42 5.78
293.56 2.53
287.93 -0.75
281.50 -4.05
274.28 -7.35
266.26 -10.65
257.43 -13.93
247.79 -17.17
237.32 -20.36
226.02 -23.49
213.85 -26.53
200.81 -29.46
186.88 -32.26
172.03 -34.88
156.25 -37.27
139.53 -39.38
121.89 -41.14
103.37 -42.47
84.00 -43.35
63.83 -43.74
42.95 -43.56
21.56 -42.74
-0.08 -41.33
-21.90 -39.39
-43.88 -36.91
-65.87 -33.90
-87.39 -30.42
-108.04 -26.57
-127.69 -22.39
-146.33 -17.93
-163.95 -13.23
-180.57 -8.35
-196.22 -3.34
-210.92 1.78
-224.69 6.97
-237.56 12.19
-249.55 17.44
-260.68 22.70
-270.97 27.94
-280.43 33.14
-289.08 38.31
-296.94 43.42
-304.00 48.46
-310.30 53.43
-315.83 58.31
-320.62 63.09
-324.65 67.76
-327.95 72.31
-330.52 76.74
-332.36 81.04
-333.49 85.19
-333.90 89.18
-333.61 93.01
-332.60 96.67
-330.90 100.15
-328.49 103.43
-325.39 106.52
-321.58 109.39
-317.08 112.05
-311.88 114.47
-305.98 116.65
-299.39 118.58
-292.08 120.24
-284.07 121.62
-275.36 122.70
-265.93 123.47
-255.78 123.92
-244.92 124.02
-233.33 123.75
-221.01 123.09
-207.96 122.03
-194.18 120.52
-179.67 118.56
-164.42 116.12
-148.43 113.17
-131.68 109.70
-114.18 105.67
-95.91 101.05
-76.91 95.82
-57.20 89.88
-36.86 83.13
-16.03 75.40
5.10 66.61
26.33 56.71
47.40 45.72
68.03 33.72
87.90 20.91
106.76 7.52
124.40 -6.12
140.84 -19.72
156.16 -33.11
170.47 -46.24
183.83 -59.04
196.30 -71.50
207.93 -83.61
218.75 -95.36
228.81 -106.73
238.12 -117.72
246.71 -128.34
254.61 -138.57
261.82 -148.41
268.37 -157.87
274.27 -166.93
279.53 -175.59
284.16 -183.86
288.18 -191.72
291.59 -199.18
294.41 -206.24
296.64 -212.88
298.29 -219.11
299.36 -224.92
299.87 -230.31
299.81 -235.28
299.20 -239.81
298.03 -243.92
296.31 -247.60
294.05 -250.83
291.24 -253.62
287.89 -255.96
284.01 -257.85
279.59 -259.28
274.63 -260.24
269.14 -260.72
263.12 -260.72
256.57 -260.24
249.49 -259.24
241.89 -257.74
233.77 -255.71
225.12 -253.14
215.97 -250.01
206.30 -246.31
196.13 -242.01
185.48 -237.10
174.36 -231.54
162.79 -225.33
150.79 -218.45
138.40 -210.89
125.62 -202.64
112.47 -193.68
98.97 -184.00
85.13 -173.59
70.98 -162.44
56.53 -150.52
41.81 -137.81
26.85 -124.29
11.70 -109.94
-3.57 -94.75
-18.86 -78.74
-33.99 -61.95
-48.77 -44.53
-62.98 -26.70
-76.50 -8.65
-89.10 9.43
-100.67 27.23
-111.29 44.62
-121.01 61.54
-129.88 77.97
-137.91 93.87
-145.14 109.20
-151.61 123.94
-157.35 138.07
-162.42 151.58
-166.83 164.47
-170.64 176.73
-173.85 188.37
-176.50 199.39
-178.61 209.80
-180.19 219.58
-181.27 228.74
-181.86 237.29
-181.98 245.21
-181.65 252.50
-180.87 259.17
-179.67 265.22
-178.06 270.63
-176.05 275.42
-173.66 279.58
-170.89 283.12
-167.76 286.02
-164.28 288.29
-160.45 289.93
-156.29 290.93
-151.79 291.30
-146.97 291.03
-141.83 290.11
-136.38 288.55
-130.62 286.33
-124.56 283.45
-118.20 279.91
-111.55 275.70
-104.62 270.80
-97.40 265.21
-89.90 258.91
-82.14 251.89
-74.11 244.14
-65.82 235.63
-57.29 226.36
-48.53 216.29
-39.55 205.41
-30.37 193.69
-21.02 181.10
-11.52 167.62
-1.92 153.21
7.74 137.84
17.37 121.48
26.88 104.10
36.10 85.72
44.87 66.36
52.84 46.17
59.64 25.76
65.33 5.65
70.05 -13.98
73.90 -33.04
76.97 -51.51
79.33 -69.32
81.04 -86.45
82.20 -102.87
82.87 -118.57
83.11 -133.58
82.96 -147.91
82.44 -161.57
81.57 -174.58
80.39 -186.95
78.90 -198.69
77.10 -209.82
75.02 -220.34
72.62 -230.25
69.91 -239.52
66.86 -248.08
63.51 -255.86
59.89 -262.86
56.05 -269.08
52.01 -274.53
47.78 -279.24
43.40 -283.19
38.86 -286.41
34.18 -288.90
29.38 -290.65
24.47 -291.67
19.45 -291.95
14.35 -291.51
9.18 -290.33
3.94 -288.41
-1.35 -285.75
-6.66 -282.35
-12.00 -278.18
-17.34 -273.26
-22.66 -267.57
-27.94 -261.10
-33.17 -253.84
-38.32 -245.79
-43.36 -236.93
-48.28 -227.25
-53.03 -216.75
-57.59 -205.41
-61.91 -193.22
-65.95 -180.18
-69.66 -166.28
-72.98 -151.51
-75.84 -135.89
-78.17 -119.43
-79.88 -102.15
-80.91 -84.11
-81.25 -65.47
-80.83 -46.47
-79.57 -27.24
-77.55 -7.98
-74.77 10.90
-71.33 29.11
-67.30 46.62
-62.74 63.42
-57.71 79.49
-52.29 94.83
-46.53 109.42
-40.49 123.27
-34.22 136.39
-27.76 148.78
-21.15 160.45
-14.43 171.42
-7.64 181.69
-0.80 191.27
6.05 200.17
12.89 208.41
19.69 215.99
26.43 222.92
33.09 229.22
39.64 234.88
46.07 239.93
52.35 244.36
58.48 248.17
64.42 251.39
70.16 254.00
75.69 256.01
80.99 257.42
86.04 258.24
90.82 258.46
95.33 258.08
99.55 257.10
103.46 255.52
107.06 253.33
110.33 250.53
113.26 247.11
115.84 243.07
118.06 238.40
119.90 233.08
121.37 227.12
122.44 220.50
123.11 213.22
123.37 205.26
123.20 196.62
122.59 187.28
121.52 177.23
119.98 166.47
117.94 154.98
115.37 142.76
112.24 129.80
108.52 116.12
104.16 101.77
99.12 86.81
93.36 71.30
86.80 55.28
79.36 38.80
70.94 21.96
61.46 5.00
50.98 -11.74
39.65 -28.07
27.66 -43.86
15.19 -58.91
2.44 -73.05
-10.44 -86.26
-23.33 -98.58
-36.14 -110.07
-48.83 -120.76
-61.33 -130.69
-73.62 -139.88
-85.65 -148.36
-97.39 -156.16
-108.80 -163.29
-119.87 -169.76
-130.55 -175.61
-140.84 -180.84
-150.71 -185.48
-160.14 -189.54
-169.12 -193.04
-177.64 -195.99
-185.68 -198.42
-193.23 -200.33
-200.29 -201.74
-206.85 -202.67
-212.90 -203.11
-218.44 -203.08
-223.45 -202.60
-227.94 -201.67
-231.89 -200.30
-235.31 -198.50
-238.18 -196.27
-240.50 -193.62
-242.27 -190.56
-243.48 -187.09
-244.12 -183.22
-244.19 -178.95
-243.68 -174.28
-242.58 -169.23
-240.89 -163.79
-238.59 -157.96
-235.67 -151.74
-232.12 -145.15
-227.93 -138.17
-223.09 -130.81
-217.57 -123.07
-211.37 -114.94
-204.45 -106.44
-196.80 -97.55
-188.38 -88.29
-179.17 -78.65
-169.12 -68.63
-158.19 -58.25
-146.31 -47.53
-133.44 -36.50
-119.52 -25.21
-104.48 -13.71
-88.27 -2.07
-70.81 9.57
-52.12 20.95
-32.51 31.77
-12.60 41.86
7.18 51.06
26.49 59.54
45.02 67.42
62.67 74.69
79.42 81.35
95.29 87.45
110.32 93.01
124.53 98.08
137.96 102.67
150.63 106.82
162.55 110.54
173.75 113.85
184.23 116.77
194.02 119.31
203.13 121.48
211.55 123.30
219.31 124.76
226.40 125.89
232.84 126.69
238.62 127.17
243.76 127.33
248.26 127.19
252.12 126.73
255.34 125.98
257.93 124.94
259.88 123.60
261.20 121.98
261.89 120.08
261.95 117.89
261.37 115.43
260.16 112.69
258.31 109.68
255.81 106.40
252.67 102.85
248.88 99.03
244.44 94.94
239.32 90.59
233.54 85.96
227.07 81.07
219.91 75.92
212.04 70.49
203.45 64.80
194.12 58.85
184.03 52.63
173.17 46.15
161.50 39.42
149.02 32.43
135.68 25.20
121.47 17.72
106.32 10.00
90.22 2.07
73.09 -6.06
54.88 -14.34
35.55 -22.63
15.23 -30.80
-5.78 -38.85
-26.89 -46.50
-47.56 -53.67
-67.46 -60.42
-86.51 -66.73
-104.71 -72.64
-122.07 -78.13
-138.59 -83.23
-154.30 -87.93
-169.19 -92.23
-183.27 -96.16
-196.56 -99.70
-209.07 -102.89
-220.80 -105.71
-231.78 -108.20
-242.00 -110.34
-251.49 -112.16
-260.24 -113.67
-268.27 -114.86
-275.57 -115.75
-282.17 -116.34
-288.05 -116.65
-293.22 -116.69
-297.69 -116.45
-301.47 -115.95
-304.54 -115.20
-306.92 -114.20
-308.60 -112.96
-309.59 -111.48
-309.89 -109.78
-309.50 -107.85
-308.42 -105.70
-306.64 -103.34
-304.18 -100.77
-301.03 -97.99
-297.19 -95.01
-292.66 -91.83
-287.43 -88.45
-281.51 -84.87
-274.89 -81.10
-267.57 -77.14
-259.54 -72.97
-250.80 -68.61
-241.34 -64.05
-231.15 -59.29
-220.23 -54.31
-208.55 -49.12
-196.10 -43.71
-182.87 -38.06
-168.84 -32.17
-153.98 -26.01
-138.26 -19.58
-121.66 -12.84
-104.15 -5.76
-85.72 1.67
-66.38 9.48
-46.17 17.63
-25.19 26.04
-3.99 34.52
16.65 42.76
36.52 50.68
55.67 58.33
74.12 65.76
91.79 72.94
108.69 79.82
124.76 86.34
139.99 92.45
154.38 98.14
167.95 103.43
180.72 108.31
192.70 112.81
203.91 116.92
214.35 120.67
224.03 124.06
232.96 127.11
241.15 129.81
248.61 132.19
255.35 134.23
261.37 135.96
266.68 137.36
271.29 138.44
275.20 139.21
278.42 139.66
280.95 139.80
282.80 139.62
283.96 139.12
284.44 138.30
284.24 137.17
283.36 135.72
281.80 133.94
279.55 131.84
276.62 129.42
272.99 126.67
268.68 123.59
263.66 120.19
257.93 116.46
251.50 112.40
244.33 108.01
236.43 103.31
227.79 98.28
218.39 92.93
208.21 87.28
197.26 81.34
185.52 75.11
172.98 68.62
159.65 61.86
145.53 54.85
130.61 47.58
114.90 40.06
98.38 32.26
81.07 24.18
62.97 15.76
44.19 6.99
24.75 -2.09
4.64 -11.56
-16.11 -21.48
-37.36 -31.92
-58.98 -42.90
-80.57 -54.16
-101.63 -65.43
-121.63 -76.31
-140.38 -86.65
-157.96 -96.43
-174.46 -105.69
-189.99 -114.43
-204.59 -122.67
-218.32 -130.42
-231.23 -137.70
-243.35 -144.52
-254.69 -150.89
-265.30 -156.82
-275.18 -162.31
-284.36 -167.38
-292.84 -172.04
-300.63 -176.28
-307.75 -180.12
-314.21 -183.55
-320.00 -186.60
-325.14 -189.24
-329.63 -191.50
-333.47 -193.38
-336.66 -194.87
-339.21 -195.97
-341.11 -196.70
-342.37 -197.04
-342.99 -197.01
-342.96 -196.60
-342.28 -195.82
-340.95 -194.65
-338.97 -193.11
-336.34 -191.19
-333.04 -188.89
-329.09 -186.21
-324.48 -183.15
-319.19 -179.70
-313.23 -175.86
-306.59 -171.63
-299.27 -167.01
-291.26 -161.99
-282.55 -156.56
-273.14 -150.73
-263.01 -144.49
-252.16 -137.84
-240.57 -130.76
-228.23 -123.25
-215.14 -115.31
-201.27 -106.93
-186.62 -98.08
-171.16 -88.77
-154.89 -78.97
-137.78 -68.67
-119.81 -57.86
-100.98 -46.58
-81.39 -34.87
-61.10 -22.70
-40.14 -10.08
-18.49 2.92
3.67 16.10
25.75 29.00
47.30 41.34
68.09 53.09
87.96 64.42
106.84 75.30
124.78 85.74
141.73 95.67
157.74 105.05
172.86 113.90
187.15 122.24
200.64 130.10
213.37 137.49
225.35 144.41
236.62 150.89
247.20 156.94
257.08 162.55
266.30 167.74
274.85 172.51
282.75 176.88
290.01 180.83
296.63 184.39
302.62 187.55
307.98 190.32
312.72 192.69
316.84 194.68
320.34 196.29
323.23 197.52
325.49 198.36
327.15 198.83
328.18 198.93
328.60 198.65
328.40 198.01
327.58 196.99
326.14 195.61
324.07 193.86
321.38 191.74
318.07 189.25
314.12 186.40
309.54 183.18
304.32 179.58
298.45 175.62
291.94 171.28
284.77 166.56
276.95 161.47
268.45 155.99
259.28 150.12
