150.00 -150.00
149.37 -149.33
148.29 -148.11
146.75 -146.35
144.76 -144.03
142.30 -141.16
139.37 -137.74
135.97 -133.74
132.09 -129.17
127.71 -124.02
122.84 -118.27
117.45 -111.91
111.54 -104.93
105.08 -97.31
98.05 -89.02
90.43 -80.05
82.18 -70.36
73.27 -59.92
63.64 -48.69
53.21 -36.63
41.88 -23.73
29.70 -10.07
16.75 4.36
3.74 18.31
-8.37 30.83
-19.37 42.22
-29.34 52.61
-38.37 62.04
-46.57 70.57
-54.02 78.25
-60.79 85.12
-66.92 91.23
-72.44 96.60
-77.39 101.28
-81.77 105.29
-85.61 108.65
-88.92 111.38
-91.70 113.50
-93.97 115.02
-95.71 115.95
-96.95 116.30
-97.67 116.09
-97.88 115.31
-97.59 113.99
-96.79 112.13
-95.47 109.73
-93.65 106.80
-91.32 103.34
-88.47 99.35
-85.10 94.84
-81.21 89.80
-76.80 84.24
-71.87 78.15
-66.39 71.52
-60.38 64.37
-53.82 56.66
-46.71 48.42
-39.04 39.62
-30.82 30.29
-22.05 20.46
-12.73 10.25
-2.87 -0.14
7.45 -10.46
18.10 -20.40
28.93 -29.67
39.75 -38.03
50.40 -45.35
60.73 -51.55
70.64 -56.59
80.03 -60.49
88.81 -63.31
96.92 -65.11
104.31 -65.93
110.89 -65.84
116.64 -64.96
121.57 -63.37
125.67 -61.15
129.00 -58.34
131.56 -54.99
133.40 -51.15
134.55 -46.85
135.01 -42.14
134.81 -37.07
133.97 -31.69
132.46 -26.06
130.31 -20.22
127.48 -14.22
123.96 -8.11
119.74 -1.95
114.82 4.21
109.22 10.27
103.00 16.13
96.24 21.71
89.00 26.94
81.31 31.73
73.20 36.01
64.71 39.70
55.86 42.73
46.70 45.05
37.28 46.61
27.61 47.38
17.70 47.33
7.55 46.32
-2.59 44.15
-12.30 40.95
-21.45 36.89
-29.97 32.11
-37.82 26.77
-44.99 21.01
-51.50 14.96
-57.34 8.69
-62.53 2.30
-67.05 -4.17
-70.92 -10.64
-74.11 -17.05
-76.62 -23.36
-78.46 -29.47
-79.63 -35.33
-80.14 -40.86
-80.02 -45.99
-79.29 -50.65
-77.98 -54.81
-76.10 -58.43
-73.64 -61.47
-70.63 -63.91
-67.04 -65.71
-62.88 -66.83
-58.14 -67.23
-52.81 -66.86
-46.89 -65.69
-40.37 -63.67
-33.25 -60.73
-25.53 -56.82
-17.23 -51.90
-8.40 -45.96
0.85 -39.11
10.04 -31.70
18.64 -23.97
26.71 -16.03
34.29 -8.03
41.44 -0.07
48.11 7.71
54.23 15.20
59.78 22.33
64.79 29.05
69.27 35.33
73.24 41.13
76.71 46.40
79.65 51.11
82.06 55.23
83.89 58.74
85.13 61.63
85.77 63.91
85.80 65.59
85.20 66.67
84.00 67.15
82.17 67.04
79.73 66.34
76.65 65.07
72.89 63.25
68.38 60.89
63.07 57.94
56.91 54.37
49.88 50.14
41.97 45.22
33.14 39.60
23.37 33.25
12.76 26.20
1.76 18.74
-9.10 11.38
-19.42 4.49
-29.06 -1.87
-38.01 -7.72
-46.30 -13.06
-53.92 -17.91
-60.90 -22.27
-67.22 -26.12
-72.87 -29.48
-77.82 -32.37
-82.07 -34.80
-85.58 -36.82
-88.38 -38.45
-90.43 -39.71
-91.75 -40.63
-92.32 -41.22
-92.14 -41.49
-91.19 -41.47
-89.46 -41.14
-86.95 -40.51
-83.64 -39.57
-79.53 -38.30
-74.62 -36.69
-68.96 -34.73
-62.57 -32.43
-55.47 -29.83
-47.67 -26.96
-39.14 -23.84
-29.88 -20.52
-19.84 -17.03
-9.00 -13.40
2.69 -9.65
15.26 -5.81
28.56 -1.90
42.10 1.85
55.52 5.21
68.72 8.06
81.51 10.40
93.73 12.17
105.31 13.33
116.15 13.84
126.15 13.73
135.23 13.06
143.32 11.89
150.41 10.30
156.47 8.36
161.51 6.16
165.53 3.78
168.57 1.28
170.65 -1.29
171.76 -3.90
171.91 -6.52
171.10 -9.13
169.34 -11.70
166.61 -14.20
162.91 -16.61
158.23 -18.89
152.56 -21.02
145.88 -22.96
138.21 -24.71
129.62 -26.26
120.16 -27.61
109.84 -28.74
98.64 -29.61
86.53 -30.19
73.50 -30.44
59.52 -30.28
44.64 -29.62
28.95 -28.29
12.73 -26.13
-3.82 -23.15
-20.48 -19.38
-37.10 -14.88
-53.32 -9.60
-68.56 -3.83
-82.78 2.14
-95.97 8.20
-108.03 14.19
-118.94 20.04
-128.79 25.75
-137.62 31.30
-145.47 36.66
-152.34 41.83
-158.25 46.78
-163.20 51.47
-167.19 55.90
-170.22 60.02
-172.32 63.81
-173.49 67.26
-173.75 70.34
-173.12 73.03
-171.63 75.33
-169.28 77.21
-166.09 78.68
-162.07 79.72
-157.23 80.32
-151.58 80.48
-145.10 80.20
-137.80 79.45
-129.68 78.24
-120.73 76.54
-110.94 74.35
-100.31 71.64
-88.82 68.41
-76.48 64.61
-63.28 60.24
-49.22 55.27
-34.32 49.64
-18.91 43.39
-3.46 36.73
11.55 29.89
25.67 23.12
38.90 16.55
51.30 10.21
62.95 4.12
73.87 -1.69
84.09 -7.24
93.62 -12.48
102.42 -17.41
110.43 -21.97
117.58 -26.11
123.82 -29.79
129.11 -32.97
133.44 -35.66
136.83 -37.87
139.29 -39.62
140.84 -40.95
141.48 -41.89
141.24 -42.44
140.12 -42.62
138.13 -42.46
135.26 -41.97
131.51 -41.15
126.88 -40.03
121.36 -38.59
114.96 -36.87
107.67 -34.86
99.50 -32.57
90.46 -30.02
80.59 -27.26
69.95 -24.40
58.81 -21.69
47.55 -19.24
36.30 -17.14
25.28 -15.59
14.72 -14.69
4.81 -14.41
-4.40 -14.63
-12.93 -15.27
-20.83 -16.24
-28.14 -17.51
-34.89 -19.04
-41.10 -20.78
-46.77 -22.70
-51.93 -24.78
-56.57 -26.98
-60.71 -29.26
-64.35 -31.61
-67.48 -33.99
-70.11 -36.38
-72.22 -38.76
-73.82 -41.09
-74.87 -43.36
-75.38 -45.55
-75.32 -47.61
-74.69 -49.52
-73.46 -51.26
-71.62 -52.79
-69.15 -54.07
-66.04 -55.07
-62.28 -55.76
-57.84 -56.08
-52.73 -55.99
-46.91 -55.44
-40.38 -54.35
-33.14 -52.62
-25.25 -50.16
-16.99 -46.88
-8.64 -42.70
-0.53 -37.43
6.94 -31.14
13.60 -24.19
19.45 -16.92
24.59 -9.56
29.14 -2.25
33.20 4.94
36.83 11.93
40.07 18.65
42.95 25.03
45.47 31.02
47.67 36.62
49.52 41.83
51.04 46.68
52.23 51.17
53.08 55.31
53.56 59.10
53.67 62.53
53.35 65.60
52.56 68.24
51.29 70.41
49.51 72.05
47.23 73.09
44.41 73.49
41.06 73.20
37.13 72.18
32.59 70.40
27.37 67.83
21.39 64.47
14.61 60.25
7.10 55.34
-1.05 50.12
-9.40 44.96
-17.58 39.98
-25.41 35.19
-32.78 30.60
-39.65 26.20
-46.00 22.00
-51.83 18.01
-57.13 14.23
-61.92 10.68
-66.19 7.36
-69.96 4.28
-73.22 1.47
-76.00 -1.07
-78.28 -3.31
-80.07 -5.24
-81.39 -6.83
-82.23 -8.06
-82.61 -8.90
-82.52 -9.36
-81.96 -9.44
-80.91 -9.13
-79.34 -8.47
-77.21 -7.47
-74.51 -6.19
-71.20 -4.67
-67.28 -2.95
-62.74 -1.09
-57.56 0.88
-51.73 2.92
-45.25 5.01
-38.09 7.09
-30.25 9.14
-21.72 11.11
-12.52 12.95
-2.70 14.58
7.56 15.90
18.01 16.82
28.36 17.26
38.37 17.24
47.82 16.70
56.56 15.65
64.49 14.17
71.66 12.34
78.12 10.18
83.86 7.73
88.82 5.08
92.99 2.31
96.37 -0.51
98.98 -3.32
100.85 -6.08
101.98 -8.78
102.41 -11.40
102.15 -13.92
101.20 -16.35
99.59 -18.66
97.32 -20.85
94.42 -22.92
90.89 -24.87
86.73 -26.68
81.97 -28.35
76.61 -29.88
70.64 -31.27
64.07 -32.51
56.89 -33.61
49.10 -34.55
40.71 -35.35
31.73 -35.99
22.19 -36.49
12.17 -36.87
1.84 -37.13
-8.61 -37.26
-19.07 -37.22
-29.55 -37.04
-39.96 -36.86
-49.68 -36.86
-58.30 -36.72
-65.84 -36.36
-72.32 -35.76
-77.78 -34.96
-82.25 -33.99
-85.76 -32.88
-88.37 -31.67
-90.11 -30.39
-91.03 -29.08
-91.17 -27.75
-90.57 -26.42
-89.27 -25.07
-87.28 -23.73
-84.63 -22.38
-81.34 -21.02
-77.41 -19.63
-72.86 -18.22
-67.68 -16.77
-61.88 -15.27
-55.46 -13.70
-48.42 -12.07
-40.77 -10.35
-32.54 -8.56
-23.81 -6.69
-14.70 -4.76
-5.38 -2.81
4.00 -0.89
13.38 0.94
22.74 2.64
32.05 4.18
41.14 5.56
49.75 6.74
57.69 7.68
64.90 8.41
71.33 8.93
76.95 9.24
81.76 9.36
85.75 9.31
88.91 9.09
91.21 8.73
92.62 8.27
93.10 7.73
92.59 7.11
91.07 6.41
88.54 5.61
85.00 4.70
80.49 3.68
75.04 2.58
68.72 1.44
61.57 0.27
53.63 -0.90
44.92 -2.08
35.43 -3.28
25.17 -4.47
14.17 -5.59
2.48 -6.53
-9.63 -7.19
-21.77 -7.59
-33.64 -7.81
-45.04 -7.89
-55.81 -7.86
-65.88 -7.71
-75.20 -7.46
-83.72 -7.11
-91.45 -6.66
-98.36 -6.12
-104.47 -5.48
-109.77 -4.76
-114.28 -3.96
-118.01 -3.09
-120.95 -2.16
-123.12 -1.17
-124.51 -0.13
-125.13 0.94
-124.96 2.07
-124.00 3.23
-122.25 4.45
-119.69 5.72
-116.32 7.08
-112.14 8.55
-107.20 10.15
-101.51 11.88
-95.12 13.74
-88.04 15.69
-80.26 17.72
-71.78 19.80
-62.61 21.89
-52.78 23.96
-42.37 25.95
-31.49 27.87
-20.23 29.71
-8.74 31.43
2.78 33.02
14.14 34.52
25.02 36.02
35.22 37.56
44.67 39.16
53.29 40.84
60.96 42.57
67.63 44.28
73.34 45.89
78.18 47.36
82.22 48.68
85.54 49.85
88.15 50.85
90.09 51.68
91.36 52.33
91.96 52.79
91.91 53.02
91.23 53.03
89.92 52.78
87.99 52.28
85.45 51.51
82.31 50.47
78.57 49.13
74.23 47.50
69.30 45.55
63.76 43.29
57.62 40.70
50.85 37.76
43.48 34.45
35.55 30.73
27.15 26.61
18.34 22.10
9.11 17.20
-0.49 11.88
-10.40 6.07
-20.48 -0.29
-30.50 -7.19
-40.10 -14.55
-48.87 -22.15
-56.61 -29.70
-63.38 -37.11
-69.20 -44.34
-74.06 -51.32
-78.01 -57.94
-81.11 -64.17
-83.40 -70.00
-84.91 -75.39
-85.69 -80.35
-85.78 -84.84
-85.21 -88.88
-84.02 -92.44
-82.24 -95.51
-79.88 -98.08
-76.97 -100.13
-73.53 -101.64
-69.57 -102.59
-65.11 -102.95
-60.18 -102.72
-54.79 -101.86
-48.98 -100.36
-42.79 -98.21
-36.25 -95.42
-29.40 -91.98
-22.25 -87.89
-14.79 -83.14
-7.00 -77.72
1.15 -71.57
9.67 -64.61
18.50 -56.75
27.45 -48.03
36.37 -38.63
45.07 -29.07
53.30 -19.78
60.94 -10.83
67.96 -2.25
74.33 5.94
80.04 13.75
85.08 21.15
89.44 28.13
93.12 34.68
96.14 40.79
98.49 46.43
100.19 51.62
101.25 56.33
101.68 60.57
101.48 64.31
100.66 67.55
99.23 70.29
97.20 72.50
94.58 74.18
91.36 75.31
87.57 75.88
83.22 75.87
78.32 75.26
72.88 74.05
66.92 72.21
60.45 69.73
53.49 66.59
46.06 62.79
38.16 58.32
29.80 53.18
20.93 47.33
11.59 40.60
1.93 33.00
-7.98 24.69
-18.08 15.86
-28.30 6.77
-38.51 -2.26
-48.46 -10.97
-57.94 -19.22
-66.78 -26.95
-74.92 -34.13
-82.30 -40.75
-88.91 -46.79
-94.75 -52.24
-99.81 -57.09
-104.12 -61.33
-107.70 -64.96
-110.54 -67.97
-112.68 -70.36
-114.13 -72.13
-114.90 -73.26
-115.00 -73.75
-114.47 -73.58
-113.31 -72.75
-111.55 -71.24
-109.20 -69.03
-106.28 -66.10
-102.78 -62.45
-98.73 -58.16
-94.09 -53.34
-88.86 -48.11
-83.04 -42.49
-76.64 -36.52
-69.68 -30.21
-62.16 -23.58
-54.05 -16.63
-45.35 -9.36
-36.08 -1.87
-26.28 5.78
-15.94 13.56
-5.08 21.48
6.08 29.44
17.33 37.19
28.54 44.56
39.53 51.39
50.12 57.58
60.08 63.06
69.22 67.85
77.49 72.00
84.88 75.51
91.37 78.41
96.97 80.71
101.67 82.43
105.48 83.64
108.41 84.37
110.47 84.66
111.68 84.56
112.06 84.08
111.62 83.23
110.39 82.01
108.37 80.42
105.58 78.46
102.03 76.14
97.74 73.44
92.70 70.38
86.93 66.94
80.44 63.12
73.22 58.93
65.28 54.35
56.63 49.39
47.26 44.03
37.14 38.27
26.25 32.13
14.58 25.75
2.23 19.23
-10.68 12.61
-23.88 5.89
-36.90 -0.79
-49.12 -7.21
-60.25 -13.27
-70.32 -19.02
-79.34 -24.50
-87.27 -29.73
-94.11 -34.67
-99.87 -39.30
-104.62 -43.62
-108.41 -47.63
-111.30 -51.35
-113.32 -54.82
-114.52 -58.07
-114.91 -61.11
-114.53 -63.95
-113.40 -66.58
-111.54 -68.99
-108.99 -71.15
-105.75 -73.06
-101.87 -74.71
-97.36 -76.08
-92.23 -77.16
-86.50 -77.94
-80.18 -78.41
-73.28 -78.55
-65.84 -78.32
-57.86 -77.70
-49.39 -76.65
-40.51 -75.12
-31.35 -73.05
-22.18 -70.41
-13.34 -67.22
-5.06 -63.55
2.54 -59.49
9.38 -55.14
15.41 -50.59
20.64 -45.93
25.11 -41.19
28.85 -36.40
31.89 -31.57
34.28 -26.68
36.04 -21.76
37.14 -16.90
37.54 -12.15
37.26 -7.52
36.35 -3.04
34.83 1.29
32.73 5.41
30.08 9.28
26.93 12.80
23.30 15.85
19.19 18.36
14.59 20.29
9.48 21.67
3.93 22.51
-1.95 22.77
-8.02 22.39
-14.13 21.32
-20.09 19.55
-25.71 17.08
-30.77 13.98
-35.16 10.31
-38.82 6.17
-41.75 1.67
-43.95 -3.08
-45.46 -8.00
-46.31 -13.00
-46.52 -18.01
-46.14 -22.97
-45.19 -27.81
-43.71 -32.49
-41.74 -36.96
-39.31 -41.22
-36.48 -45.25
-33.31 -49.03
-29.84 -52.55
-26.15 -55.78
-22.29 -58.66
-18.31 -61.14
-14.25 -63.15
-10.15 -64.61
-6.05 -65.47
-1.97 -65.63
2.05 -65.03
5.99 -63.61
9.79 -61.29
13.42 -58.00
16.82 -53.67
19.92 -48.24
22.68 -41.67
25.06 -33.96
27.00 -25.24
28.46 -15.65
29.36 -5.35
29.67 5.48
29.41 16.65
28.64 28.00
27.41 39.44
25.79 50.86
23.84 62.18
21.59 73.31
19.07 84.16
16.31 94.61
13.33 104.54
10.16 113.82
6.85 122.40
3.41 130.20
-0.11 137.20
-3.70 143.35
-7.33 148.64
-10.97 153.03
-14.60 156.52
-18.18 159.08
-21.68 160.70
-25.07 161.38
-28.33 161.09
-31.43 159.84
-34.33 157.59
-37.00 154.34
-39.42 150.07
-41.55 144.77
-43.36 138.45
-44.80 131.09
-45.85 122.70
-46.45 113.31
-46.57 102.95
-46.18 91.66
-45.23 79.52
-43.70 66.61
-41.57 53.04
-38.84 38.97
-35.55 24.57
-31.80 10.01
-27.76 -4.54
-23.64 -18.87
-19.48 -32.82
-15.33 -46.31
-11.24 -59.32
-7.33 -71.72
-3.62 -83.35
-0.08 -94.14
3.28 -103.96
6.43 -112.77
9.37 -120.57
12.08 -127.35
14.55 -133.11
16.78 -137.81
18.78 -141.46
20.56 -144.06
22.12 -145.64
23.45 -146.21
24.53 -145.78
25.36 -144.38
25.91 -142.01
26.16 -138.70
26.11 -134.44
25.71 -129.27
24.96 -123.19
23.81 -116.25
22.24 -108.46
20.21 -99.89
17.67 -90.59
14.58 -80.63
10.89 -70.11
6.58 -59.13
1.60 -47.80
-4.08 -36.28
-10.59 -24.87
-17.64 -13.96
-24.99 -3.57
-32.56 6.19
-40.27 15.23
-48.00 23.48
-55.66 30.88
-63.14 37.41
-70.37 43.07
-77.31 47.85
-83.91 51.79
-90.14 54.90
-95.96 57.20
-101.37 58.70
-106.34 59.44
-110.84 59.44
-114.85 58.71
-118.35 57.28
-121.31 55.19
-123.70 52.44
-125.50 49.09
-126.69 45.15
-127.24 40.65
-127.12 35.63
-126.31 30.13
-124.79 24.17
-122.54 17.80
-119.56 11.07
-115.81 4.03
-111.29 -3.26
-105.99 -10.73
-99.87 -18.29
-92.92 -25.81
-85.13 -33.12
-76.54 -39.98
-67.32 -46.17
-57.64 -51.60
-47.63 -56.23
-37.39 -60.03
-27.02 -62.97
-16.61 -65.06
-6.25 -66.31
4.00 -66.73
14.07 -66.35
23.91 -65.17
33.44 -63.22
42.62 -60.54
51.36 -57.14
59.61 -53.07
67.31 -48.35
74.36 -43.04
80.67 -37.22
86.15 -30.98
90.74 -24.39
94.41 -17.54
97.12 -10.47
98.87 -3.25
99.60 4.07
99.31 11.43
97.96 18.76
95.55 25.97
92.05 32.99
87.49 39.75
81.88 46.16
75.24 52.16
67.62 57.64
59.15 62.47
50.08 66.68
40.56 70.20
30.67 72.96
20.49 74.91
10.07 76.00
-0.49 76.21
-11.08 75.51
-21.62 73.91
-31.98 71.45
-42.09 68.17
-51.86 64.10
-61.22 59.30
-70.10 53.83
-78.43 47.75
-86.16 41.11
-93.22 33.98
-99.58 26.43
-105.19 18.54
-110.00 10.40
-114.00 2.10
-117.18 -6.28
-119.55 -14.64
-121.11 -22.92
-121.88 -31.05
-121.86 -38.97
-121.05 -46.65
-119.43 -54.01
-117.00 -61.03
-113.75 -67.63
-109.69 -73.78
-104.83 -79.41
-99.16 -84.48
-92.72 -88.91
-85.53 -92.65
-77.65 -95.59
-69.19 -97.69
-60.23 -98.92
-50.85 -99.25
-41.11 -98.68
-31.09 -97.18
-20.85 -94.73
-10.48 -91.34
