10.00 -50.00
9.97 -49.64
9.93 -48.77
9.87 -47.38
9.79 -45.46
9.69 -43.00
9.57 -40.01
9.41 -36.44
9.22 -32.30
8.98 -27.55
8.68 -22.14
8.32 -16.01
7.88 -9.06
7.37 -1.23
6.52 7.12
5.35 14.72
4.25 21.43
3.34 27.26
2.63 32.21
2.13 36.28
1.80 39.46
1.72 41.62
1.96 42.43
2.61 41.79
3.73 39.70
5.44 36.29
7.69 31.88
10.26 26.57
13.01 20.42
15.96 13.46
19.21 5.66
22.89 -2.79
27.05 -11.27
31.43 -19.15
35.71 -26.25
39.80 -32.63
43.67 -38.32
47.29 -43.33
50.66 -47.67
53.76 -51.35
56.59 -54.37
59.13 -56.74
61.39 -58.45
63.35 -59.49
65.00 -59.87
66.34 -59.59
67.35 -58.64
68.01 -57.01
68.31 -54.73
68.23 -51.80
67.76 -48.23
66.89 -44.01
65.60 -39.15
63.85 -33.65
61.60 -27.51
58.79 -20.77
55.35 -13.46
51.15 -5.64
46.04 2.47
40.12 10.37
33.72 17.61
27.01 24.08
20.15 29.69
13.34 34.40
6.77 38.20
0.61 41.16
-4.97 43.26
-9.87 44.34
-14.04 44.30
-17.31 43.25
-19.60 41.32
-20.87 38.70
-21.24 35.62
-20.84 32.08
-19.66 28.15
-17.55 23.95
-14.42 19.45
-10.31 14.65
-5.33 9.64
0.29 4.61
6.39 -0.10
12.86 -4.30
19.57 -7.92
26.48 -10.93
33.40 -13.31
40.02 -14.88
46.23 -15.62
51.91 -15.58
57.03 -14.84
61.60 -13.48
65.69 -11.61
69.31 -9.35
72.46 -6.82
75.10 -4.14
77.21 -1.40
78.76 1.35
79.70 4.03
79.98 6.58
79.58 8.95
78.46 11.06
76.59 12.87
73.98 14.33
70.61 15.37
66.48 15.94
61.59 16.00
55.94 15.49
49.54 14.34
42.45 12.43
34.85 9.60
27.04 5.81
19.33 1.21
12.33 -3.80
6.40 -8.86
1.46 -13.82
-2.64 -18.60
-6.04 -23.05
-8.96 -26.98
-11.53 -30.34
-13.77 -33.13
-15.70 -35.34
-17.33 -37.00
-18.68 -38.09
-19.75 -38.63
-20.55 -38.60
-21.12 -38.01
-21.45 -36.86
-21.55 -35.16
-21.45 -32.90
-21.14 -30.09
-20.64 -26.77
-19.96 -22.99
-19.15 -18.85
-18.23 -14.53
-17.17 -10.27
-15.93 -6.33
-14.48 -3.07
-12.93 -0.68
-11.36 0.91
-9.82 1.68
-8.38 1.68
-7.11 0.99
-6.02 -0.26
-5.07 -2.00
-4.22 -4.17
-3.46 -6.68
-2.81 -9.34
-2.22 -11.97
-1.62 -14.42
-0.99 -16.56
-0.31 -18.31
0.40 -19.61
1.17 -20.44
2.01 -20.84
2.89 -20.88
3.54 -20.55
3.96 -19.74
4.18 -18.42
4.23 -16.57
4.12 -14.16
3.87 -11.17
3.52 -7.57
3.19 -3.26
2.99 1.64
2.87 7.09
2.78 13.09
2.70 19.56
2.78 26.00
3.17 31.78
3.79 36.57
4.53 40.36
5.35 43.21
6.21 45.17
7.11 46.29
8.03 46.62
8.96 46.19
9.91 45.05
10.85 43.24
11.81 40.79
12.77 37.75
13.74 34.15
14.73 30.05
15.74 25.51
16.80 20.60
17.97 15.46
19.33 10.23
20.85 5.01
22.46 -0.10
24.20 -4.94
26.18 -9.30
28.50 -13.11
31.29 -16.36
34.67 -19.07
38.71 -21.24
43.48 -22.87
48.98 -23.89
54.99 -24.23
61.11 -23.95
67.17 -23.16
73.11 -21.92
78.86 -20.34
84.39 -18.57
89.69 -16.75
94.74 -15.03
99.44 -13.53
103.61 -12.34
107.10 -11.50
109.78 -11.05
111.53 -10.95
112.33 -11.18
112.16 -11.68
111.07 -12.40
109.08 -13.34
106.22 -14.47
102.57 -15.70
98.13 -16.96
92.86 -18.24
86.73 -19.49
79.69 -20.70
71.72 -21.82
62.79 -22.80
52.84 -23.58
41.78 -24.06
29.98 -24.13
17.99 -23.80
6.05 -23.05
-5.66 -21.91
-17.02 -20.41
-27.96 -18.62
-38.42 -16.63
-48.24 -14.58
-57.22 -12.52
-65.22 -10.44
-72.21 -8.31
-78.14 -6.14
-83.02 -3.93
-86.83 -1.70
-89.58 0.53
-91.27 2.75
-91.92 4.92
-91.54 7.04
-90.15 9.06
-87.76 10.97
-84.40 12.72
-80.10 14.28
-74.90 15.54
-68.95 16.46
-62.32 16.98
-55.03 17.08
-47.09 16.73
-38.55 15.94
-29.58 14.96
-20.61 14.04
-11.81 13.19
-3.31 12.51
4.70 12.13
12.01 12.15
18.55 12.51
24.39 13.11
29.55 13.91
34.07 14.89
37.96 16.02
41.23 17.29
43.89 18.68
45.94 20.18
47.35 21.78
48.11 23.46
48.21 25.17
47.61 26.88
46.32 28.51
44.38 30.03
41.84 31.44
38.70 32.77
34.95 34.02
30.59 35.20
25.58 36.30
19.89 37.31
13.50 38.21
6.36 38.92
-1.51 39.33
-9.88 39.27
-18.44 38.67
-26.74 37.49
-34.16 35.76
-40.65 33.63
-46.26 31.19
-51.02 28.49
-54.98 25.57
-58.13 22.44
-60.49 19.14
-62.06 15.66
-62.85 12.03
-62.84 8.24
-62.00 4.31
-60.31 0.26
-57.76 -3.72
-54.47 -7.49
-50.46 -11.10
-45.73 -14.56
-40.26 -17.87
-34.04 -21.07
-27.00 -24.12
-19.07 -26.84
-10.30 -29.09
-0.69 -30.87
9.73 -32.19
20.88 -33.06
32.63 -33.42
44.75 -33.23
56.95 -32.53
69.03 -31.47
80.52 -30.14
91.16 -28.67
100.91 -27.14
109.74 -25.59
117.65 -24.04
124.65 -22.47
130.75 -20.90
135.99 -19.31
140.38 -17.70
143.93 -16.06
146.67 -14.38
148.62 -12.67
149.78 -10.92
150.18 -9.15
149.82 -7.39
148.70 -5.69
146.82 -4.12
144.14 -2.72
140.65 -1.55
136.31 -0.65
131.09 -0.04
124.97 0.29
118.03 0.38
110.30 0.22
101.79 -0.22
92.49 -0.97
82.38 -2.08
71.45 -3.59
59.66 -5.52
47.01 -7.90
33.50 -10.75
19.26 -13.94
4.82 -17.17
-9.36 -20.66
-23.04 -24.43
-36.12 -28.37
-48.36 -32.34
-59.44 -36.09
-69.28 -39.52
-77.88 -42.49
-85.25 -44.94
-91.43 -46.86
-96.47 -48.25
-100.41 -49.11
-103.27 -49.47
-105.07 -49.32
-105.83 -48.67
-105.55 -47.55
-104.22 -45.95
-101.85 -43.88
-98.41 -41.35
-93.89 -38.36
-88.26 -34.89
-81.55 -30.94
-73.75 -26.51
-64.84 -21.72
-55.46 -16.76
-46.29 -11.46
-37.43 -5.84
-28.85 0.13
-20.53 6.49
-12.53 13.29
-5.00 20.50
2.01 28.00
8.48 35.71
14.16 43.43
18.99 51.05
22.90 58.49
25.77 65.47
27.65 71.71
28.61 77.08
28.70 81.45
28.03 84.69
26.77 86.74
25.14 87.62
23.39 87.52
21.77 86.53
20.46 84.68
19.52 82.11
18.93 78.87
18.69 75.05
18.78 70.76
19.14 66.14
19.71 61.26
20.46 56.19
21.33 50.97
22.31 45.67
23.36 40.41
24.50 35.27
25.73 30.30
27.04 25.53
28.46 21.01
30.00 16.83
31.64 13.07
33.34 9.81
35.04 7.12
36.73 5.03
38.34 3.63
39.83 3.00
41.04 3.23
41.71 4.33
41.60 6.17
40.74 8.52
39.01 10.92
36.42 13.15
33.11 15.00
29.16 16.32
24.76 17.06
20.07 17.14
15.30 16.46
10.61 15.02
6.12 12.85
1.83 9.97
-2.28 6.37
-6.24 2.06
-10.07 -3.03
-13.84 -8.88
-17.48 -15.22
-20.80 -22.00
-23.56 -29.02
-25.77 -35.75
-27.70 -41.94
-29.50 -47.54
-31.30 -52.47
-33.24 -56.69
-35.41 -60.22
-37.85 -63.11
-40.32 -65.49
-42.55 -67.16
-44.47 -67.97
-46.05 -67.86
-47.26 -66.79
-48.11 -64.74
-48.61 -61.67
-48.85 -57.59
-48.98 -52.50
-49.31 -46.75
-49.78 -41.01
-50.15 -35.46
-50.29 -30.29
-50.03 -25.55
-49.23 -21.24
-47.79 -17.37
-45.64 -13.97
-42.74 -11.09
-39.07 -8.72
-34.57 -6.85
-29.22 -5.49
-22.99 -4.68
-16.06 -4.50
-8.63 -4.99
-0.71 -6.10
7.68 -7.26
16.20 -8.04
24.36 -8.39
32.04 -8.39
39.18 -8.11
45.72 -7.65
51.51 -6.98
56.54 -6.04
60.80 -4.76
64.31 -3.13
67.05 -1.15
68.95 1.14
69.96 3.72
70.03 6.56
69.24 9.64
67.62 12.91
65.02 16.26
61.34 19.26
56.94 21.50
52.11 23.00
46.93 23.80
41.40 23.92
35.55 23.30
29.43 21.89
23.15 19.71
16.74 16.76
10.26 13.02
3.80 8.48
-2.58 3.18
-8.83 -2.75
-14.76 -9.03
-20.07 -15.51
-24.53 -22.12
-27.86 -28.66
-30.07 -34.58
-31.50 -39.62
-32.29 -43.71
-32.59 -46.86
-32.39 -49.11
-31.71 -50.52
-30.59 -51.16
-29.08 -51.03
-27.23 -50.13
-25.09 -48.46
-22.70 -45.97
-20.12 -42.63
-17.42 -38.39
-14.74 -33.25
-12.23 -27.27
-10.00 -20.55
-8.14 -13.19
-6.69 -5.47
-5.74 2.21
-5.22 9.44
-4.90 15.95
-4.61 21.66
-4.24 26.63
-3.75 30.86
-3.10 34.39
-2.29 37.19
-1.30 39.27
-0.14 40.59
1.19 41.13
2.65 40.87
4.22 39.83
5.88 38.13
7.62 35.89
9.49 33.23
11.49 30.24
13.68 27.01
16.07 23.62
18.67 20.20
21.43 16.96
24.23 13.99
26.83 11.34
28.92 9.23
30.46 7.87
31.42 7.33
31.79 7.63
31.51 8.79
30.52 10.77
28.82 13.54
26.44 17.00
23.43 21.01
19.84 25.41
15.67 30.06
10.95 34.85
5.88 39.63
0.65 44.29
-4.63 48.72
-9.86 52.82
-14.91 56.46
-19.72 59.58
-24.27 62.10
-28.52 63.94
-32.44 64.96
-35.96 65.04
-39.00 64.11
-41.53 62.12
-43.57 59.06
-45.09 54.93
-46.08 49.79
-46.50 43.76
-46.34 37.00
-45.61 29.73
-44.37 22.21
-42.72 14.66
-40.72 7.23
-38.40 0.02
-35.79 -6.85
-32.97 -13.30
-30.02 -19.30
-26.92 -24.83
-23.67 -29.69
-20.44 -33.74
-17.35 -37.01
-14.43 -39.52
-11.73 -41.27
-9.29 -42.24
-7.14 -42.43
-5.29 -41.83
-3.78 -40.43
-2.63 -38.26
-1.87 -35.40
-1.60 -32.00
-1.89 -28.31
-2.57 -24.62
-3.25 -21.18
-3.77 -18.11
-4.07 -15.61
-4.11 -13.93
-4.10 -13.12
-4.04 -13.02
-3.82 -13.59
-3.36 -14.71
-2.67 -16.33
-1.77 -18.40
-0.69 -20.89
0.51 -23.79
1.88 -27.05
3.44 -30.53
5.12 -34.08
6.91 -37.54
8.81 -40.73
10.85 -43.49
13.07 -45.76
15.55 -47.53
18.31 -48.77
21.37 -49.44
24.68 -49.45
28.12 -48.75
31.39 -47.42
34.36 -45.63
37.03 -43.48
39.38 -41.01
41.39 -38.32
43.07 -35.50
44.41 -32.64
45.42 -29.85
46.13 -27.28
46.52 -25.14
46.40 -23.58
45.66 -22.55
44.24 -22.00
42.14 -21.90
39.38 -22.22
35.97 -22.92
31.94 -23.98
27.26 -25.36
21.92 -27.06
15.92 -29.05
9.39 -31.17
2.48 -33.17
-4.77 -34.85
-12.24 -36.06
-19.78 -36.69
-27.24 -36.68
-34.59 -36.00
-41.82 -34.60
-48.86 -32.51
-55.49 -29.95
-61.54 -27.04
-66.93 -23.87
-71.60 -20.48
-75.53 -16.88
-78.70 -13.10
-81.08 -9.16
-82.66 -5.08
-83.42 -0.92
-83.24 3.32
-81.87 7.61
-79.32 11.82
-75.62 15.88
-70.79 19.68
-64.83 23.15
-57.75 26.23
-49.63 28.95
-40.72 31.08
-31.03 32.41
-20.80 32.96
-10.38 32.85
-0.03 32.19
10.03 31.09
19.65 29.62
28.69 27.84
37.01 25.86
44.52 23.81
51.19 21.83
57.02 20.03
62.03 18.46
66.23 17.16
69.64 16.15
72.24 15.47
74.03 15.12
74.98 15.14
75.07 15.53
74.26 16.32
72.49 17.51
69.73 19.09
65.98 21.05
61.25 23.34
55.61 25.88
49.14 28.54
41.97 31.22
34.25 33.81
26.16 36.20
18.00 38.31
10.05 40.06
2.41 41.37
-4.85 42.19
-11.69 42.51
-18.02 42.33
-23.74 41.67
-28.77 40.58
-33.07 39.12
-36.61 37.32
-39.34 35.22
-41.25 32.83
-42.29 30.18
-42.46 27.27
-41.77 24.14
-40.28 20.83
-38.05 17.40
-35.20 13.93
-31.82 10.49
-28.04 7.16
-24.03 4.03
-20.03 1.22
-16.31 -1.07
-13.00 -2.81
-10.18 -4.05
-7.92 -4.88
-6.23 -5.40
-5.10 -5.72
-4.45 -5.93
-4.19 -6.03
-4.27 -5.88
-4.74 -5.41
-5.66 -4.61
-7.05 -3.44
-8.92 -1.85
-11.16 0.21
-13.75 2.75
-16.72 5.55
-19.96 8.38
-23.32 11.05
-26.60 13.32
-29.59 14.93
-32.17 15.67
-34.34 15.47
-36.15 14.37
-37.56 12.41
-38.52 9.61
-38.96 6.06
-38.86 1.88
-38.26 -2.87
-37.17 -8.13
-35.62 -13.84
-33.66 -19.91
-31.35 -26.25
-28.77 -32.70
-25.94 -39.07
-22.88 -45.24
-19.61 -51.06
-16.17 -56.43
-12.65 -61.18
-9.27 -65.14
-6.33 -68.23
-3.98 -70.51
-2.26 -72.08
-1.13 -73.00
-0.57 -73.31
-0.56 -73.05
-1.09 -72.25
-2.14 -70.92
-3.69 -69.09
-5.73 -66.76
-8.20 -63.96
-11.06 -60.72
-14.28 -57.13
-17.81 -53.25
-21.61 -49.16
-25.63 -44.92
-29.79 -40.61
-34.04 -36.30
-38.29 -32.11
-42.36 -28.22
-45.86 -24.77
-48.48 -21.85
-50.23 -19.54
-51.20 -17.82
-51.44 -16.61
-50.98 -15.83
-49.85 -15.45
-48.10 -15.40
-45.74 -15.65
-42.82 -16.14
-39.34 -16.87
-35.38 -17.79
-30.94 -18.87
-26.07 -20.07
-20.78 -21.35
-15.10 -22.64
-9.06 -23.89
-2.73 -25.01
3.83 -25.92
10.53 -26.54
17.27 -26.83
23.63 -26.77
29.31 -25.99
34.30 -24.57
38.59 -22.56
42.14 -19.99
44.97 -16.95
47.06 -13.61
48.42 -10.08
49.07 -6.42
49.03 -2.67
48.31 1.16
46.93 5.03
44.89 8.93
42.20 12.81
38.87 16.65
34.92 20.37
30.36 23.93
25.18 27.25
19.38 30.22
12.97 32.56
6.06 33.86
-1.08 34.06
-8.17 33.34
-14.96 31.69
-21.24 29.27
-26.86 26.46
-31.62 23.52
-35.50 20.52
-38.53 17.54
-40.73 14.62
-42.13 11.81
-42.75 9.17
-42.63 6.76
-41.79 4.64
-40.25 2.92
-38.02 1.67
-35.13 1.02
-31.61 1.07
-27.58 1.87
-23.28 3.39
-18.88 5.56
-14.56 8.35
-10.47 11.77
-6.91 15.73
-4.00 19.98
-1.76 24.48
-0.15 29.24
0.87 34.12
1.29 38.89
1.12 43.42
0.40 47.61
-0.88 51.37
-2.72 54.61
-5.07 57.25
-7.89 59.21
-10.99 60.44
-14.41 60.78
-18.07 60.27
-21.59 59.06
-24.80 57.20
-27.57 54.72
-29.73 51.68
-31.17 48.18
-31.80 44.31
-31.55 40.15
-30.36 35.80
-28.24 31.37
-25.21 27.02
-21.44 22.90
-17.07 19.06
-12.17 15.56
-6.84 12.40
-1.19 9.56
4.66 6.99
10.58 4.61
16.46 2.37
22.20 0.23
27.64 -1.78
32.57 -3.66
36.67 -5.50
39.65 -7.45
41.44 -9.55
42.00 -11.82
41.36 -14.23
39.55 -16.78
36.62 -19.43
32.65 -22.17
27.71 -24.95
21.91 -27.72
15.33 -30.42
8.04 -33.04
0.17 -35.60
-8.01 -38.23
-16.30 -40.81
-24.58 -43.20
-32.77 -45.36
-40.78 -47.29
-48.54 -49.00
-55.91 -50.46
-62.70 -51.71
-68.77 -52.79
-74.00 -53.73
-78.35 -54.51
-81.79 -55.14
-84.37 -55.61
-86.14 -55.98
-87.23 -56.33
-87.79 -56.80
-87.81 -57.53
-87.24 -58.56
-86.20 -59.86
-84.86 -61.36
-83.40 -62.76
-81.81 -63.84
-80.07 -64.48
-78.19 -64.58
-76.12 -64.08
-73.84 -62.91
-71.31 -61.02
-68.46 -58.40
-65.32 -55.08
-61.94 -51.08
-58.38 -46.38
-54.68 -41.00
-50.88 -34.98
-47.05 -28.41
-43.27 -21.46
-39.59 -14.35
-36.07 -7.27
-32.69 -0.33
-29.46 6.37
-26.42 12.72
-23.59 18.63
-21.04 23.97
-18.76 28.53
-16.66 32.09
-14.66 34.55
-12.74 35.88
-10.94 36.19
-9.37 35.56
-8.05 34.11
-6.94 31.95
-6.05 29.21
-5.33 25.97
-4.72 22.37
-4.10 18.55
-3.37 14.76
-2.46 11.22
-1.32 8.11
0.11 5.53
1.86 3.56
3.94 2.18
6.35 1.37
9.06 1.07
11.97 1.15
14.93 1.47
17.71 1.90
20.08 2.32
21.79 2.72
22.73 3.12
22.81 3.43
21.93 3.52
20.07 3.40
17.23 3.08
13.51 2.66
9.07 2.26
4.05 1.93
-1.41 1.64
-7.11 1.35
-12.81 1.08
-18.32 0.90
-23.42 0.94
-27.91 1.28
-31.63 1.94
-34.52 2.86
-36.56 3.96
-37.79 5.19
-38.24 6.45
-37.95 7.69
-36.99 8.81
-35.38 9.73
-33.18 10.36
-30.44 10.62
-27.22 10.43
-23.60 9.69
-19.71 8.33
-15.70 6.25
-11.63 3.45
-7.66 0.23
-3.96 -3.13
-0.56 -6.51
2.55 -9.80
5.40 -12.90
7.98 -15.78
10.30 -18.37
12.33 -20.65
14.03 -22.57
15.35 -24.07
16.26 -25.07
16.78 -25.51
16.88 -25.33
16.49 -24.46
15.52 -22.85
13.97 -20.59
11.97 -17.85
9.58 -14.83
6.88 -11.69
3.94 -8.62
0.82 -5.95
-2.19 -4.06
-5.02 -2.93
