50.00 30.00
49.67 29.80
48.89 29.32
47.64 28.55
45.92 27.49
43.72 26.14
41.03 24.48
37.83 22.51
34.10 20.20
29.79 17.53
24.87 14.48
19.27 10.98
12.92 6.98
5.85 2.45
-1.14 -2.22
-7.35 -6.39
-12.68 -10.06
-17.12 -13.24
-20.61 -15.91
-23.13 -18.04
-24.66 -19.60
-25.14 -20.51
-24.36 -20.55
-22.08 -19.71
-18.29 -18.07
-13.11 -15.80
-6.82 -13.00
0.42 -9.60
8.38 -5.67
17.06 -1.50
26.11 2.59
34.92 6.29
43.26 9.46
50.95 12.07
57.90 14.19
64.10 15.86
69.57 17.13
74.31 18.01
78.33 18.51
81.62 18.66
84.19 18.45
86.02 17.90
87.11 17.02
87.43 15.80
86.97 14.25
85.69 12.39
83.59 10.24
80.65 7.85
76.85 5.29
72.24 2.63
66.88 -0.02
60.89 -2.68
54.29 -5.31
47.21 -7.83
39.84 -10.11
32.38 -12.02
25.03 -13.46
17.90 -14.39
11.04 -14.77
4.54 -14.51
-1.36 -13.59
-6.55 -12.10
-10.97 -10.09
-14.50 -7.68
-17.11 -4.95
-18.82 -1.96
-19.63 1.31
-19.51 4.83
-18.39 8.53
-16.28 12.28
-13.26 15.99
-9.45 19.61
-4.95 23.08
0.09 26.29
5.56 29.07
11.33 31.26
17.24 32.70
23.06 33.31
28.62 33.08
33.84 32.04
38.69 30.24
43.23 27.75
47.36 24.64
50.97 21.00
54.00 16.92
56.42 12.50
58.25 7.86
59.50 3.11
60.23 -1.66
60.52 -6.33
60.48 -10.82
60.19 -15.02
59.69 -18.85
59.01 -22.22
58.13 -25.08
57.05 -27.39
55.75 -29.11
54.21 -30.19
52.42 -30.58
50.37 -30.23
48.06 -29.05
45.54 -27.01
42.84 -24.16
39.96 -20.64
36.87 -16.56
33.52 -12.01
29.88 -7.10
26.05 -1.97
22.20 3.18
18.49 8.16
15.06 12.54
12.11 15.98
9.76 18.43
7.99 19.93
6.73 20.55
5.89 20.30
5.33 19.18
4.94 17.26
4.60 14.63
4.27 11.42
3.92 7.73
3.51 3.67
3.05 -0.66
2.50 -5.21
1.89 -9.90
1.19 -14.66
0.42 -19.44
-0.42 -24.18
-1.31 -28.81
-2.23 -33.24
-3.14 -37.34
-4.00 -40.91
-4.81 -43.77
-5.56 -45.80
-6.25 -46.90
-6.86 -46.97
-7.40 -45.93
-7.94 -43.77
-8.57 -40.50
-9.36 -36.17
-10.32 -30.85
-11.41 -24.68
-12.49 -17.90
-13.34 -10.78
-13.86 -3.53
-14.06 3.57
-14.13 10.36
-14.16 16.74
-14.19 22.67
-14.21 28.08
-14.22 32.93
-14.21 37.18
-14.18 40.76
-14.15 43.65
-14.15 45.80
-14.20 47.21
-14.30 47.87
-14.42 47.78
-14.53 46.95
-14.55 45.33
-14.38 42.93
-13.93 39.75
-13.13 35.85
-11.91 31.28
-10.09 26.03
-7.28 20.34
-3.46 14.81
1.03 9.85
5.89 5.56
10.88 1.96
15.85 -1.04
20.78 -3.52
25.66 -5.49
30.49 -6.99
35.27 -8.03
39.97 -8.64
44.57 -8.85
49.08 -8.73
53.47 -8.29
57.75 -7.59
61.92 -6.66
65.95 -5.52
69.80 -4.21
73.40 -2.81
76.68 -1.41
79.60 -0.12
82.13 0.98
84.20 1.84
85.78 2.45
86.82 2.80
87.30 2.88
87.17 2.67
86.37 2.15
84.85 1.30
82.56 0.10
79.53 -1.57
75.91 -3.85
71.92 -6.71
67.70 -9.78
63.28 -12.70
58.63 -15.36
53.72 -17.70
48.50 -19.71
43.04 -21.36
37.49 -22.65
31.97 -23.56
26.52 -24.09
21.21 -24.26
16.11 -24.07
11.30 -23.52
6.88 -22.62
2.92 -21.41
-0.51 -19.94
-3.37 -18.28
-5.64 -16.46
-7.30 -14.54
-8.31 -12.55
-8.65 -10.55
-8.27 -8.60
-7.17 -6.80
-5.34 -5.20
-2.77 -3.88
0.52 -2.89
4.49 -2.31
8.93 -2.25
13.57 -2.74
18.16 -3.71
22.60 -5.06
26.86 -6.73
30.87 -8.61
34.42 -10.56
37.26 -12.49
39.31 -14.38
40.56 -16.20
41.02 -17.89
40.72 -19.40
39.66 -20.61
37.80 -21.37
35.11 -21.49
31.62 -20.89
27.35 -19.57
22.39 -17.64
16.80 -15.22
10.60 -12.34
3.77 -9.05
-3.70 -5.39
-11.82 -1.41
-20.54 2.83
-29.77 7.24
-39.22 11.85
-48.26 16.54
-56.58 21.01
-64.12 25.18
-70.84 29.07
-76.74 32.68
-81.81 36.00
-86.09 39.01
-89.57 41.69
-92.29 44.02
-94.22 46.00
-95.37 47.61
-95.74 48.85
-95.31 49.72
-94.09 50.22
-92.08 50.36
-89.28 50.14
-85.69 49.56
-81.33 48.62
-76.20 47.34
-70.29 45.74
-63.61 43.83
-56.12 41.65
-47.82 39.20
-38.87 36.58
-29.45 34.06
-19.91 31.82
-10.45 29.82
-1.27 28.11
7.40 26.72
15.38 25.63
22.61 24.76
29.13 24.03
34.97 23.39
40.16 22.80
44.73 22.25
48.69 21.74
52.07 21.25
54.90 20.78
57.17 20.30
58.89 19.79
60.02 19.21
60.51 18.55
60.23 17.79
59.03 16.90
56.94 15.84
54.12 14.53
50.70 12.84
46.74 10.71
42.29 8.07
37.47 4.92
32.39 1.27
27.23 -2.84
22.17 -7.32
17.39 -12.06
13.05 -16.95
9.32 -21.90
6.34 -26.83
4.16 -31.66
2.77 -36.32
2.17 -40.77
2.37 -44.98
3.39 -48.88
5.26 -52.31
7.94 -55.13
11.37 -57.27
15.55 -58.69
20.39 -59.30
25.62 -59.14
31.05 -58.27
36.55 -56.73
42.00 -54.60
47.25 -51.94
52.17 -48.84
56.58 -45.39
60.27 -41.69
63.14 -37.89
65.20 -34.12
66.55 -30.47
67.30 -26.99
67.53 -23.66
67.25 -20.50
66.49 -17.56
65.27 -14.86
63.60 -12.46
61.48 -10.39
58.91 -8.69
55.89 -7.41
52.38 -6.58
48.36 -6.24
43.77 -6.45
38.54 -7.25
32.66 -8.68
26.11 -10.64
18.91 -12.98
11.10 -15.47
2.85 -18.02
-5.60 -20.68
-14.12 -23.46
-22.56 -26.28
-30.58 -28.82
-38.00 -30.84
-44.71 -32.33
-50.65 -33.34
-55.83 -33.88
-60.25 -33.97
-63.89 -33.62
-66.71 -32.86
-68.69 -31.77
-69.80 -30.41
-70.00 -28.88
-69.30 -27.29
-67.74 -25.74
-65.48 -24.27
-62.74 -22.85
-59.67 -21.39
-56.45 -19.77
-53.18 -17.87
-49.91 -15.53
-46.62 -12.69
-43.32 -9.26
-40.00 -5.18
-36.66 -0.35
-33.31 5.34
-30.04 11.97
-26.86 19.40
-23.58 27.48
-20.05 36.01
-16.28 44.84
-12.03 53.79
-7.14 62.42
-1.76 70.29
3.92 77.19
9.83 83.06
15.92 87.90
22.18 91.64
28.49 94.14
34.63 95.37
40.53 95.35
46.25 94.07
51.88 91.56
57.47 87.97
62.92 83.48
67.95 78.37
72.17 73.06
75.53 67.78
78.05 62.59
79.79 57.49
80.79 52.49
81.08 47.58
80.69 42.75
79.64 37.99
77.97 33.26
75.56 28.64
72.39 24.40
68.57 20.49
64.16 16.92
59.24 13.72
53.83 11.00
47.87 8.89
41.28 7.43
34.12 6.60
26.56 6.49
19.16 6.65
12.22 6.52
5.72 6.13
-0.23 5.52
-5.56 4.55
-10.21 3.18
-14.12 1.40
-17.25 -0.74
-19.59 -3.21
-21.17 -5.98
-22.01 -9.04
-22.14 -12.38
-21.57 -16.00
-20.22 -19.90
-18.06 -23.76
-15.26 -27.34
-12.06 -30.30
-9.17 -32.45
-6.87 -34.04
-5.20 -35.22
-4.15 -36.11
-3.67 -36.78
-3.75 -37.25
-4.40 -37.54
-5.63 -37.70
-7.45 -37.77
-9.88 -37.78
-12.95 -37.77
-16.72 -37.72
-21.14 -37.51
-25.97 -37.09
-31.09 -36.60
-36.38 -36.13
-41.76 -35.80
-47.14 -35.75
-52.40 -36.15
-57.25 -37.04
-61.36 -38.25
-64.52 -39.62
-66.59 -40.98
-67.47 -42.21
-67.14 -43.18
-65.56 -43.81
-62.77 -44.02
-58.84 -43.77
-53.85 -43.06
-47.87 -41.88
-41.00 -40.20
-33.37 -37.99
-25.16 -35.27
-16.50 -32.06
-7.45 -28.34
1.92 -24.00
11.45 -19.01
21.00 -13.45
30.52 -7.44
39.87 -1.17
48.88 5.25
57.33 11.75
64.97 18.20
71.57 24.41
77.08 30.17
81.51 35.35
84.92 39.85
87.37 43.62
88.93 46.66
89.64 48.95
89.56 50.50
88.70 51.33
87.08 51.42
84.71 50.81
81.60 49.47
77.75 47.42
73.15 44.64
67.81 41.12
61.71 36.86
54.89 31.85
47.36 26.09
39.13 19.60
30.19 12.36
20.55 4.40
10.25 -4.23
-0.45 -13.34
-11.33 -22.72
-22.36 -31.89
-33.27 -40.23
-43.50 -47.44
-52.74 -53.56
-60.97 -58.72
-68.21 -63.01
-74.52 -66.53
-79.92 -69.33
-84.44 -71.44
-88.10 -72.90
-90.93 -73.73
-92.92 -73.94
-94.09 -73.55
-94.42 -72.56
-93.91 -70.98
-92.55 -68.79
-90.36 -65.98
-87.34 -62.54
-83.53 -58.46
-78.96 -53.75
-73.67 -48.39
-67.67 -42.40
-61.00 -35.79
-53.66 -28.57
-45.65 -20.76
-36.98 -12.41
-27.68 -3.60
-17.85 5.46
-7.62 14.57
2.84 23.49
13.24 32.05
23.42 40.21
33.35 47.89
42.98 55.03
52.21 61.54
60.93 67.37
69.02 72.50
76.40 76.96
83.02 80.79
88.83 84.04
93.80 86.72
97.89 88.84
101.09 90.42
103.39 91.46
104.79 91.97
105.27 91.97
104.84 91.45
103.47 90.41
101.15 88.84
97.86 86.72
93.61 84.05
88.37 80.82
82.10 77.05
74.78 72.75
66.35 67.93
56.78 62.62
46.04 56.91
34.38 50.96
22.13 44.94
9.44 38.95
-3.53 33.10
-16.65 27.48
-29.78 22.26
-42.61 17.61
-54.85 13.57
-66.25 10.12
-76.70 7.18
-86.15 4.65
-94.55 2.49
-101.87 0.64
-108.11 -0.96
-113.27 -2.36
-117.37 -3.61
-120.43 -4.75
-122.45 -5.81
-123.45 -6.82
-123.42 -7.80
-122.37 -8.78
-120.29 -9.76
-117.17 -10.76
-113.02 -11.77
-107.84 -12.80
-101.65 -13.83
-94.48 -14.85
-86.34 -15.87
-77.26 -16.87
-67.23 -17.84
-56.27 -18.74
-44.39 -19.57
-31.74 -20.34
-18.47 -21.24
-4.75 -22.62
8.84 -24.62
21.88 -26.81
34.17 -28.90
45.51 -30.81
55.92 -32.57
65.44 -34.20
74.08 -35.73
81.81 -37.20
88.59 -38.60
94.38 -39.93
99.16 -41.14
102.94 -42.22
105.71 -43.13
107.48 -43.86
108.26 -44.37
108.04 -44.67
106.85 -44.72
104.67 -44.52
101.53 -44.07
97.42 -43.37
92.34 -42.44
86.27 -41.28
79.19 -39.93
71.10 -38.43
62.02 -36.82
52.01 -35.07
41.17 -33.24
29.82 -31.51
18.38 -30.02
7.19 -28.78
-3.62 -27.77
-14.01 -26.97
-23.95 -26.42
-33.36 -26.15
-42.13 -26.12
-50.23 -26.27
-57.62 -26.58
-64.28 -27.01
-70.18 -27.55
-75.26 -28.19
-79.45 -28.89
-82.71 -29.63
-84.99 -30.36
-86.28 -31.08
-86.56 -31.78
-85.82 -32.44
-84.06 -33.06
-81.28 -33.64
-77.49 -34.15
-72.68 -34.55
-66.85 -34.74
-59.97 -34.61
-52.08 -33.98
-43.48 -32.68
-34.71 -30.76
-25.99 -28.36
-17.36 -25.55
-8.97 -22.37
-0.91 -18.84
6.74 -14.98
13.89 -10.77
20.46 -6.16
26.27 -1.14
31.25 3.99
35.44 9.06
38.81 14.04
41.36 18.84
43.08 23.41
43.97 27.70
44.01 31.66
43.22 35.23
41.54 38.36
38.97 41.16
35.68 43.62
31.75 45.56
27.25 46.98
22.15 47.87
16.43 48.14
10.05 47.66
3.44 46.08
-2.69 43.72
-8.41 40.87
-13.80 37.59
-18.91 34.03
-23.65 30.32
-27.92 26.56
-31.73 22.79
-35.06 19.02
-37.93 15.30
-40.33 11.62
-42.28 8.01
-43.76 4.48
-44.78 1.07
-45.37 -2.22
-45.52 -5.34
-45.24 -8.27
-44.49 -11.00
-43.16 -13.41
-41.18 -15.44
-38.51 -17.05
-35.15 -18.21
-31.13 -18.86
-26.46 -18.96
-21.21 -18.43
-15.44 -17.23
-9.21 -15.28
-2.61 -12.53
4.22 -8.91
11.08 -4.41
17.76 0.92
24.03 6.94
29.68 13.46
34.63 20.34
38.83 27.40
42.30 34.52
45.05 41.65
47.07 48.73
48.31 55.61
48.81 62.10
48.63 68.09
47.87 73.53
46.59 78.38
44.82 82.60
42.60 86.15
39.97 89.01
36.96 91.14
33.59 92.51
29.90 93.09
25.90 92.86
21.61 91.79
17.05 89.83
12.24 86.95
7.19 83.10
1.94 78.22
-3.46 72.24
-8.88 65.18
-14.33 57.19
-19.85 48.43
-25.33 38.92
-30.60 28.58
-35.44 17.37
-39.46 5.46
-42.55 -6.69
-44.82 -18.73
-46.46 -30.46
-47.55 -41.68
-48.15 -52.30
-48.33 -62.30
-48.16 -71.73
-47.67 -80.65
-47.14 -88.81
-46.48 -96.04
-45.68 -102.42
-44.72 -107.98
-43.62 -112.74
-42.39 -116.71
-41.02 -119.90
-39.52 -122.30
-37.91 -123.91
-36.19 -124.74
-34.37 -124.76
-32.47 -123.98
-30.51 -122.38
-28.49 -119.94
-26.46 -116.66
-24.43 -112.52
-22.45 -107.48
-20.55 -101.55
-18.77 -94.70
-17.17 -86.96
-15.83 -78.37
-14.89 -68.99
-14.50 -59.02
-14.74 -48.74
-15.59 -38.43
-16.96 -28.29
-18.74 -18.57
-20.72 -9.47
-22.70 -1.05
-24.66 6.83
-26.78 14.09
-28.95 20.62
-31.07 26.37
-33.06 31.32
-34.86 35.45
-36.42 38.74
-37.72 41.17
-38.71 42.75
-39.37 43.47
-39.64 43.32
-39.49 42.34
-38.87 40.55
-37.78 38.03
-36.22 34.81
-34.19 30.91
-31.68 26.37
-28.68 21.19
-25.22 15.41
-21.25 9.06
-16.71 2.20
-11.50 -5.07
-5.55 -12.56
1.09 -20.04
8.35 -27.29
16.03 -34.02
23.81 -39.94
31.38 -44.89
38.57 -48.87
45.23 -51.90
51.19 -54.11
56.38 -55.66
60.83 -56.60
64.53 -56.95
67.48 -56.71
69.66 -55.85
71.07 -54.39
71.70 -52.31
71.53 -49.62
70.54 -46.30
68.73 -42.37
66.05 -37.81
62.49 -32.62
58.00 -26.79
52.56 -20.31
46.11 -13.19
38.63 -5.42
30.15 2.91
20.87 11.62
11.06 20.49
0.88 29.26
-9.44 37.71
-19.58 45.73
-29.30 53.24
-38.44 60.23
-46.92 66.68
-54.67 72.57
-61.65 77.90
-67.86 82.66
-73.26 86.83
-77.84 90.36
-81.60 93.20
-84.57 95.31
-86.77 96.66
-88.21 97.26
-88.89 97.09
-88.81 96.14
-87.96 94.41
-86.34 91.88
-83.95 88.58
-80.79 84.50
-76.84 79.64
-72.12 74.00
-66.59 67.60
-60.25 60.45
-53.12 52.60
-45.23 44.17
-36.67 35.37
-27.57 26.51
-18.13 17.81
-8.58 9.38
0.84 1.29
9.97 -6.30
18.79 -13.21
27.26 -19.33
35.27 -24.57
42.67 -28.94
49.37 -32.50
55.34 -35.31
60.56 -37.43
65.00 -38.89
68.66 -39.73
71.55 -39.98
73.64 -39.65
74.93 -38.78
75.40 -37.39
75.05 -35.49
73.85 -33.12
71.80 -30.31
68.86 -27.08
65.03 -23.46
60.28 -19.51
54.60 -15.27
47.97 -10.84
40.43 -6.31
32.05 -1.79
22.93 2.65
13.23 6.93
3.22 11.05
-6.68 14.67
-16.32 17.54
-25.65 19.68
-34.62 21.09
-43.21 21.81
-51.40 21.86
-59.19 21.25
-66.57 19.99
-73.51 18.10
-79.98 15.58
-85.94 12.46
-91.34 8.77
-96.16 4.53
-100.33 -0.23
-103.85 -5.47
-106.66 -11.17
-108.75 -17.27
-110.07 -23.74
-110.61 -30.52
-110.34 -37.56
-109.22 -44.82
-107.24 -52.25
-104.40 -59.75
-100.67 -67.16
-96.06 -74.25
-90.70 -80.63
-84.87 -85.88
-78.78 -89.88
-72.54 -92.72
-66.18 -94.49
-59.72 -95.26
-53.22 -95.09
-46.69 -94.03
-40.20 -92.12
-33.81 -89.41
-27.59 -85.96
-21.58 -81.84
-15.82 -77.12
-10.33 -71.85
-5.15 -66.07
-0.31 -59.85
4.18 -53.22
8.27 -46.22
11.96 -38.89
15.19 -31.25
17.95 -23.35
20.18 -15.21
21.85 -6.86
22.91 1.64
23.26 10.25
22.82 18.87
21.48 27.36
19.16 35.52
15.89 43.13
11.76 49.87
7.13 55.54
2.16 60.20
-2.99 63.90
-8.23 66.68
-13.45 68.57
-18.59 69.61
-23.59 69.84
-28.37 69.30
-32.89 68.03
-37.12 66.06
-41.02 63.44
-44.57 60.19
-47.74 56.34
-50.51 51.92
-52.86 46.95
-54.75 41.46
-56.15 35.49
-57.02 29.14
-57.36 22.47
-57.16 15.57
-56.41 8.52
-55.08 1.40
-53.13 -5.67
-50.51 -12.56
-47.19 -19.15
-43.16 -25.28
-38.40 -30.83
-32.96 -35.62
-26.93 -39.54
-20.49 -42.56
-13.78 -44.68
-6.93 -45.93
-0.07 -46.34
6.68 -45.96
13.22 -44.85
19.48 -43.09
25.40 -40.74
30.94 -37.85
36.07 -34.49
40.77 -30.70
45.02 -26.55
48.79 -22.08
52.08 -17.34
54.86 -12.39
57.13 -7.28
58.87 -2.07
60.06 3.18
60.70 8.42
60.76 13.57
60.23 18.56
59.09 23.32
57.32 27.79
54.91 31.88
51.85 35.54
48.17 38.71
43.88 41.31
39.00 43.29
33.58 44.57
27.66 45.12
21.29 44.86
14.56 43.75
7.54 41.74
0.36 38.81
-6.85 34.96
-13.91 30.22
-20.69 24.67
-27.06 18.39
-32.92 11.49
-38.20 4.07
-42.83 -3.73
