-20.00 -20.00
-19.78 -19.78
-19.20 -19.21
-18.26 -18.28
-16.95 -16.99
-15.25 -15.33
-13.16 -13.31
-10.65 -10.91
-7.70 -8.12
-4.24 -4.95
-0.23 -1.35
4.29 2.59
8.95 6.18
13.28 9.11
16.98 11.36
20.11 13.05
22.80 14.21
25.11 14.70
26.83 14.49
27.97 13.70
28.53 12.43
28.62 10.68
28.13 8.24
26.62 5.10
23.93 1.42
20.88 -2.33
17.88 -5.25
14.95 -7.29
12.15 -8.71
9.68 -9.54
7.73 -9.88
6.36 -9.85
5.56 -9.54
5.33 -9.00
5.68 -8.28
6.60 -7.41
8.10 -6.44
10.15 -5.44
12.64 -4.49
15.50 -3.61
18.74 -2.85
22.37 -2.27
26.43 -2.03
30.70 -2.38
34.74 -3.16
38.37 -3.96
41.61 -4.60
44.46 -5.02
46.86 -5.24
48.76 -5.26
50.17 -5.09
51.10 -4.74
51.54 -4.24
51.44 -3.64
50.69 -2.99
49.21 -2.33
46.97 -1.66
43.90 -0.98
40.02 -0.11
35.85 0.80
31.69 1.40
27.60 1.82
23.59 2.18
19.76 2.48
16.23 2.70
13.12 2.89
10.63 3.15
8.99 3.62
8.41 4.41
8.97 5.32
10.58 6.24
13.35 7.03
17.09 7.46
20.92 7.77
24.63 7.98
28.24 8.06
31.64 8.03
34.71 7.96
37.43 7.93
39.83 7.97
41.92 8.09
43.72 8.22
45.05 8.22
45.75 8.10
45.76 7.84
45.09 7.40
43.69 6.70
41.42 5.84
38.36 5.01
34.70 4.31
30.50 3.69
26.31 3.05
22.49 2.53
19.01 2.15
15.83 1.94
12.93 1.91
10.32 2.06
8.01 2.38
6.00 2.87
4.32 3.52
2.99 4.32
2.03 5.26
1.47 6.34
1.35 7.51
1.71 8.69
2.53 9.73
3.83 10.50
5.71 10.88
8.26 10.77
11.54 10.02
15.61 8.47
20.33 6.02
25.47 2.70
30.83 -1.40
35.82 -5.95
40.14 -10.67
43.78 -15.42
46.78 -20.13
49.14 -24.71
50.91 -29.14
52.10 -33.37
52.73 -37.40
52.81 -41.21
52.32 -44.79
51.25 -48.14
49.56 -51.20
47.22 -53.93
44.19 -56.20
40.46 -57.88
36.05 -58.83
31.05 -58.90
25.55 -58.03
19.63 -56.18
13.39 -53.33
6.93 -49.45
0.34 -44.53
-6.16 -38.52
-12.45 -31.61
-18.67 -24.15
-24.73 -16.42
-30.34 -8.85
-35.35 -1.47
-39.82 5.78
-43.90 12.73
-47.64 19.22
-50.82 25.15
-53.41 30.21
-55.53 34.43
-57.25 37.89
-58.64 40.60
-59.70 42.62
-60.41 43.98
-60.72 44.75
-60.54 45.03
-59.83 44.90
-58.55 44.39
-56.62 43.48
-53.95 42.13
-50.51 40.26
-46.25 37.90
-41.15 35.06
-35.16 31.79
-28.22 28.17
-20.29 24.28
-11.28 20.25
-1.23 16.21
9.52 12.43
20.19 8.97
30.34 6.07
39.84 3.57
48.60 1.39
56.60 -0.52
63.87 -2.21
70.42 -3.71
76.28 -5.05
81.46 -6.23
85.94 -7.25
89.75 -8.13
92.87 -8.87
95.28 -9.47
96.96 -9.92
97.85 -10.24
97.90 -10.42
97.07 -10.50
95.37 -10.50
92.79 -10.42
89.38 -10.24
85.24 -9.90
80.67 -9.29
75.80 -8.43
70.63 -7.44
65.07 -6.44
59.11 -5.59
53.14 -4.92
47.82 -4.50
43.18 -4.34
39.20 -4.31
35.85 -4.34
33.09 -4.34
30.87 -4.28
29.09 -4.13
27.69 -3.89
26.53 -3.58
25.64 -3.22
24.92 -2.85
24.28 -2.62
23.73 -2.65
23.31 -2.96
23.00 -3.56
22.82 -4.46
22.80 -5.66
22.97 -7.10
23.38 -8.77
24.06 -10.58
25.01 -12.48
26.21 -14.42
27.63 -16.36
29.27 -18.30
31.16 -20.22
33.44 -22.01
35.96 -23.30
38.29 -24.11
40.20 -24.52
41.32 -24.51
41.60 -24.07
41.10 -23.14
39.97 -21.73
38.23 -19.91
35.86 -17.75
32.86 -15.33
29.25 -12.73
25.09 -10.06
20.44 -7.46
15.36 -5.04
9.93 -2.89
4.22 -1.11
-1.62 0.18
-7.28 1.01
-12.60 1.54
-17.51 1.80
-22.08 1.78
-26.48 1.40
-30.91 0.64
-35.38 -0.51
-39.62 -1.93
-43.26 -3.34
-46.11 -4.44
-48.22 -4.97
-49.70 -4.90
-50.50 -4.29
-50.60 -3.10
-50.08 -1.33
-49.01 1.01
-47.42 3.86
-45.36 7.20
-42.86 11.01
-40.01 15.21
-36.87 19.74
-33.47 24.55
-29.88 29.57
-26.16 34.64
-22.38 39.51
-18.60 43.88
-14.93 47.50
-11.54 50.24
-8.62 52.11
-6.21 53.20
-4.25 53.68
-2.74 53.71
-1.82 53.26
-1.52 52.31
-1.82 50.95
-2.67 49.34
-3.95 47.59
-5.58 45.75
-7.53 43.85
-9.77 41.91
-12.21 39.92
-14.70 37.88
-17.03 35.79
-19.12 33.68
-20.89 31.59
-22.31 29.58
-23.04 27.56
-22.83 25.43
-21.87 23.07
-20.29 20.38
-18.13 17.33
-15.40 13.94
-12.13 10.26
-8.34 6.30
-4.11 2.06
0.47 -2.34
5.33 -6.73
10.37 -11.02
15.55 -15.12
20.77 -19.01
25.97 -22.61
31.03 -25.90
35.85 -28.76
40.31 -31.08
44.30 -32.72
47.75 -33.51
50.59 -33.37
52.74 -32.26
54.19 -30.22
55.05 -27.44
55.50 -24.12
55.68 -20.44
55.72 -16.60
55.70 -12.76
55.65 -9.07
55.55 -5.67
55.36 -2.64
55.04 -0.06
54.59 1.97
53.97 3.33
53.13 3.92
52.06 3.72
50.75 2.70
49.22 0.85
47.55 -1.84
45.79 -5.36
43.96 -9.67
42.10 -14.78
40.25 -20.65
38.42 -27.16
36.63 -34.16
34.88 -41.42
33.14 -48.67
31.37 -55.70
29.51 -62.36
27.46 -68.58
25.14 -74.08
22.68 -78.60
20.13 -82.18
17.49 -84.84
14.75 -86.52
11.97 -87.17
9.20 -86.77
6.51 -85.28
3.95 -82.68
1.58 -78.93
-0.59 -73.96
-2.69 -67.66
-4.97 -60.05
-7.56 -51.24
-10.53 -41.23
-13.72 -30.21
-16.85 -18.41
-19.67 -6.60
-22.10 4.48
-24.24 14.60
-26.13 23.83
-27.71 32.20
-28.97 39.69
-29.94 46.28
-30.65 51.99
-31.14 56.82
-31.43 60.80
-31.55 63.95
-31.50 66.28
-31.32 67.82
-30.99 68.59
-30.54 68.60
-29.96 67.88
-29.25 66.43
-28.39 64.27
-27.38 61.41
-26.19 57.84
-24.78 53.53
-23.21 48.34
-21.62 42.29
-20.04 35.55
-18.48 28.31
-16.95 21.05
-15.48 14.47
-14.20 8.76
-13.18 3.83
-12.14 -0.02
-10.90 -2.79
-9.46 -4.56
-7.85 -5.39
-6.09 -5.33
-4.23 -4.45
-2.28 -2.82
-0.26 -0.48
1.81 2.51
3.92 6.10
6.05 10.26
8.20 14.95
10.33 20.13
12.42 25.75
14.49 31.75
16.53 38.06
18.61 44.60
20.78 51.21
23.12 57.72
25.68 63.96
28.53 69.82
31.70 75.15
35.19 79.79
38.93 83.59
42.83 86.44
46.79 88.29
50.69 89.13
54.43 89.00
57.96 87.89
61.21 85.75
64.04 82.49
66.29 78.12
67.84 72.67
68.59 66.21
68.47 58.78
67.42 50.41
65.39 41.16
62.30 31.08
58.13 20.34
52.91 9.16
46.66 -2.25
39.48 -13.64
31.60 -24.81
23.20 -35.43
14.40 -45.39
5.24 -54.55
-4.21 -62.69
-13.79 -69.77
-23.40 -75.82
-33.00 -80.86
-42.50 -84.88
-51.82 -87.88
-60.88 -89.86
-69.62 -90.81
-77.91 -90.70
-85.60 -89.52
-92.49 -87.33
-98.47 -84.26
-103.49 -80.42
-107.51 -75.89
-110.51 -70.78
-112.49 -65.13
-113.42 -59.04
-113.29 -52.55
-112.08 -45.76
-109.77 -38.72
-106.33 -31.51
-101.69 -24.21
-95.80 -17.19
-88.81 -10.68
-80.83 -4.70
-71.94 0.70
-62.19 5.44
-51.66 9.47
-40.43 12.71
-28.60 15.12
-16.24 16.67
-3.39 17.25
9.67 16.68
22.54 15.01
34.71 12.49
46.01 9.27
56.38 5.48
65.77 1.23
74.06 -3.35
81.23 -8.07
87.31 -12.81
92.34 -17.48
96.37 -22.00
99.42 -26.32
101.54 -30.38
102.75 -34.13
103.07 -37.54
102.55 -40.55
101.21 -43.14
99.09 -45.27
96.20 -46.92
92.60 -48.05
88.32 -48.66
83.37 -48.72
77.78 -48.23
71.55 -47.17
64.70 -45.53
57.23 -43.27
49.15 -40.36
40.49 -36.75
31.31 -32.43
21.69 -27.39
11.77 -21.70
1.82 -15.47
-7.72 -9.05
-16.65 -2.74
-24.95 3.35
-32.47 9.12
-39.07 14.37
-44.71 18.93
-49.43 22.76
-53.22 25.87
-56.05 28.28
-57.89 29.99
-58.75 30.99
-58.67 31.33
-57.69 31.02
-55.84 30.11
-53.16 28.63
-49.72 26.61
-45.55 24.05
-40.69 20.91
-35.16 17.14
-28.96 12.69
-22.15 7.48
-15.08 1.54
-8.21 -4.68
-1.74 -10.96
4.05 -16.98
9.14 -22.45
13.62 -27.25
17.57 -31.34
21.10 -34.68
24.28 -37.25
27.14 -38.98
29.67 -39.85
31.85 -39.83
33.65 -38.91
35.01 -37.05
35.85 -34.28
36.12 -30.66
35.82 -26.22
34.96 -21.00
33.54 -15.02
31.57 -8.30
29.03 -0.86
25.94 7.20
22.42 15.69
18.77 24.36
15.23 32.91
11.92 41.03
8.90 48.49
6.16 55.13
3.71 60.91
1.50 65.82
-0.46 69.84
-2.20 72.96
-3.74 75.15
-5.09 76.37
-6.26 76.62
-7.26 75.88
-8.06 74.15
-8.64 71.44
-8.95 67.76
-8.91 63.16
-8.45 57.78
-7.59 51.79
-6.46 45.43
-5.20 38.95
-3.90 32.53
-2.63 26.31
-1.47 20.45
-0.54 15.09
0.05 10.32
0.23 6.23
-0.02 2.88
-0.70 0.27
-1.79 -1.61
-3.29 -2.84
-5.22 -3.45
-7.59 -3.46
-10.43 -2.88
-13.74 -1.72
-17.48 -0.00
-21.61 2.22
-26.03 4.87
-30.59 7.75
-35.02 10.61
-39.13 13.30
-42.78 15.66
-45.84 17.56
-48.26 18.96
-50.04 19.90
-51.22 20.35
-51.79 20.27
-51.72 19.60
-50.97 18.31
-49.47 16.38
-47.30 13.77
-44.52 10.41
-41.13 6.25
-37.10 1.30
-32.39 -4.39
-26.92 -10.76
-20.68 -17.73
-13.64 -25.17
-5.98 -32.80
1.77 -40.22
9.15 -47.12
16.09 -53.33
22.63 -58.80
28.78 -63.47
34.52 -67.34
39.83 -70.43
44.68 -72.78
48.90 -74.39
52.30 -75.20
54.90 -75.20
56.74 -74.38
57.85 -72.76
58.24 -70.37
57.92 -67.22
56.87 -63.35
55.12 -58.79
52.71 -53.61
49.68 -47.81
45.97 -41.47
41.60 -34.75
36.74 -28.01
31.72 -21.73
26.69 -16.21
21.75 -11.58
16.96 -7.84
12.37 -4.97
8.00 -2.90
3.86 -1.60
-0.06 -1.04
-3.75 -1.19
-7.18 -2.05
-10.33 -3.59
-13.18 -5.78
-15.73 -8.58
-17.95 -11.96
-19.84 -15.88
-21.37 -20.30
-22.51 -25.15
-23.16 -30.32
-23.14 -35.57
-22.32 -40.59
-20.74 -44.97
-18.59 -48.39
-16.14 -50.70
-13.58 -51.84
-11.09 -51.88
-8.78 -50.89
-6.71 -48.96
-4.89 -46.19
-3.35 -42.65
-2.10 -38.38
-1.25 -33.46
-0.80 -28.00
-0.76 -22.05
-1.08 -15.67
-1.73 -8.88
-2.65 -1.72
-3.76 5.69
-5.13 13.08
-6.91 20.25
-9.15 27.02
-11.84 33.25
-15.00 38.78
-18.55 43.37
-22.25 46.88
-25.93 49.31
-29.46 50.62
-32.70 50.80
-35.47 49.84
-37.61 47.85
-39.04 44.97
-39.71 41.33
-39.61 37.03
-38.74 32.18
-37.08 26.90
-34.59 21.31
-31.18 15.66
-26.89 10.35
-22.02 5.67
-16.74 1.64
-11.21 -1.75
-5.51 -4.53
0.30 -6.71
6.19 -8.30
12.11 -9.30
18.03 -9.68
23.93 -9.41
29.74 -8.47
35.39 -6.81
40.81 -4.39
45.87 -1.19
50.41 2.82
54.22 7.60
57.10 13.04
58.93 18.98
59.69 25.22
59.45 31.60
58.41 37.84
56.62 43.57
53.99 48.68
50.54 53.18
46.43 57.12
41.86 60.44
36.89 63.09
31.57 65.03
25.96 66.24
20.10 66.73
14.02 66.51
7.75 65.58
1.32 63.96
-5.23 61.64
-11.75 58.61
-18.15 54.77
-24.36 50.06
-30.35 44.44
-36.08 37.91
-41.48 30.49
-46.40 22.40
-50.66 14.07
-54.18 5.81
-56.95 -2.31
-58.92 -10.18
-60.11 -17.70
-60.56 -24.77
-60.32 -31.30
-59.42 -37.25
-57.88 -42.56
-55.58 -47.20
-52.59 -50.90
-49.06 -53.60
-45.06 -55.34
-40.63 -56.13
-35.83 -55.97
-30.70 -54.84
-25.33 -52.75
-19.81 -49.70
-14.23 -45.71
-8.72 -40.82
-3.43 -35.12
1.50 -28.80
5.93 -22.18
9.72 -15.54
12.80 -9.07
15.15 -2.91
16.75 2.78
17.62 7.83
17.81 12.11
17.37 15.58
16.38 18.24
14.90 20.12
12.97 21.22
10.64 21.59
7.95 21.25
4.90 20.25
1.54 18.63
-2.14 16.43
-6.11 13.68
-10.35 10.41
-14.84 6.67
-19.55 2.49
-24.45 -2.08
-29.49 -7.00
-34.62 -12.19
-39.72 -17.62
-44.67 -23.28
-49.36 -29.15
-53.66 -35.25
-57.44 -41.55
-60.59 -47.98
-62.95 -54.43
-64.38 -60.66
-64.80 -66.44
-64.22 -71.58
-62.71 -76.02
-60.29 -79.67
-57.07 -82.48
-53.15 -84.43
-48.63 -85.51
-43.60 -85.73
-38.14 -85.12
-32.32 -83.71
-26.27 -81.58
-20.10 -78.78
-13.93 -75.38
-7.83 -71.42
-1.90 -66.91
3.82 -61.91
9.24 -56.44
14.31 -50.58
18.97 -44.35
23.14 -37.83
26.73 -31.04
29.66 -24.04
31.79 -16.92
33.02 -9.81
33.29 -2.88
32.61 3.70
31.11 9.74
29.01 15.13
26.52 19.84
23.76 23.88
20.81 27.23
17.74 29.87
14.65 31.90
11.60 33.39
8.64 34.42
5.81 35.02
3.13 35.24
0.65 35.09
-1.62 34.61
-3.67 33.78
-5.50 32.58
-7.10 31.02
-8.44 29.11
-9.46 26.89
-10.11 24.41
-10.31 21.73
-9.94 19.01
-9.07 16.28
-7.84 13.51
-6.34 10.76
-4.68 8.20
-2.89 5.97
-0.99 4.13
0.97 2.74
2.86 1.81
4.57 1.29
6.00 1.14
7.10 1.35
7.80 1.91
8.06 2.83
7.82 4.12
7.01 5.78
5.56 7.85
3.41 10.33
0.51 13.17
-3.13 16.27
-7.46 19.54
-12.36 22.86
-17.65 26.15
-23.08 29.25
-28.44 32.17
-33.44 34.99
-37.85 37.72
-41.67 40.20
-44.91 42.35
-47.57 44.11
-49.62 45.48
-51.00 46.43
-51.63 46.90
-51.37 46.84
-50.04 46.26
-47.55 45.29
-43.90 44.06
-39.14 42.66
-33.44 41.20
-27.00 39.74
-20.03 38.32
-12.71 36.92
-5.19 35.46
2.40 33.85
9.83 32.07
16.80 30.20
23.02 28.32
28.33 26.46
32.74 24.64
36.22 22.92
38.80 21.29
40.48 19.77
41.30 18.33
41.28 16.95
40.47 15.60
38.88 14.31
36.57 13.05
33.58 11.65
30.01 9.87
25.91 7.54
21.31 4.70
16.27 1.47
10.95 -2.04
5.52 -5.73
0.17 -9.57
-4.98 -13.53
-9.83 -17.61
-14.31 -21.79
-18.35 -26.07
-21.90 -30.40
-24.93 -34.74
-27.48 -39.05
-29.60 -43.30
-31.36 -47.46
-32.86 -51.48
-34.21 -55.29
-35.53 -58.84
-36.90 -62.06
-38.40 -64.89
-40.07 -67.27
-41.98 -69.13
-44.15 -70.46
-46.57 -71.22
-49.14 -71.36
-51.83 -70.78
-54.68 -69.46
-57.75 -67.43
-61.04 -64.78
-64.56 -61.61
-68.15 -58.06
-71.68 -54.26
-75.07 -50.34
-78.28 -46.38
-81.26 -42.47
-83.99 -38.64
-86.40 -34.92
-88.41 -31.31
-89.92 -27.83
-90.82 -24.50
-91.03 -21.37
-90.50 -18.44
-89.18 -15.73
-87.06 -13.24
-84.08 -10.95
-80.22 -8.85
-75.51 -7.01
-70.17 -5.67
-64.40 -4.89
-58.27 -4.56
-51.81 -4.57
-45.07 -4.82
-38.15 -5.21
-31.16 -5.62
-24.27 -5.93
-17.66 -6.01
-11.45 -5.72
-5.71 -4.93
-0.51 -3.51
4.12 -1.47
8.15 0.98
11.49 3.66
14.09 6.50
15.93 9.43
17.00 12.38
17.29 15.29
16.84 18.09
15.73 20.74
14.09 23.21
12.08 25.44
9.84 27.32
7.53 28.75
5.31 29.63
3.31 29.90
1.69 29.51
0.49 28.51
-0.45 26.94
-1.30 24.83
-2.11 22.19
-2.90 19.04
-3.63 15.49
-4.24 11.68
-4.70 7.72
-5.01 3.68
-5.14 -0.30
-5.08 -4.09
-4.84 -7.50
-4.48 -10.40
-4.13 -12.68
-3.92 -14.28
-3.95 -15.21
-4.24 -15.54
-4.77 -15.36
-5.47 -14.76
-6.27 -13.79
-7.11 -12.50
-7.98 -10.91
-8.91 -9.05
-9.91 -6.94
-11.00 -4.60
-12.19 -2.09
-13.49 0.54
-14.91 3.20
-16.44 5.79
-18.08 8.22
-19.77 10.36
-21.42 12.07
-22.85 13.19
-23.86 13.61
-24.32 13.39
-24.23 12.66
-23.66 11.57
-22.69 10.19
-21.40 8.55
-19.83 6.67
-17.99 4.56
-15.92 2.22
-13.64 -0.36
-11.17 -3.17
-8.52 -6.19
-5.73 -9.40
-2.79 -12.78
0.28 -16.27
3.41 -19.78
6.49 -23.09
9.46 -25.96
12.23 -28.08
14.49 -29.11
15.95 -29.07
16.59 -28.23
16.58 -26.82
16.09 -25.09
