-100.00 0.00
-99.58 0.01
-98.84 0.03
-97.76 0.07
-96.34 0.12
-94.59 0.19
-92.49 0.28
-90.05 0.38
-87.25 0.50
-84.09 0.64
-80.57 0.80
-76.66 0.98
-72.37 1.19
-67.67 1.41
-62.55 1.67
-56.99 1.95
-50.96 2.26
-44.44 2.61
-37.39 2.99
-29.75 3.40
-21.47 3.85
-12.45 4.28
-2.58 4.61
8.62 4.55
20.89 3.99
33.29 3.23
45.43 2.44
57.15 1.65
68.39 0.86
79.15 0.08
89.44 -0.70
99.24 -1.47
108.58 -2.25
117.45 -3.02
125.87 -3.80
133.83 -4.59
141.34 -5.39
148.42 -6.20
155.05 -7.03
161.25 -7.86
167.02 -8.71
172.35 -9.57
177.26 -10.44
181.73 -11.32
185.77 -12.21
189.38 -13.11
192.56 -14.01
195.29 -14.91
197.59 -15.81
199.44 -16.71
200.85 -17.60
201.79 -18.48
202.27 -19.34
202.29 -20.18
201.82 -20.99
200.87 -21.78
199.41 -22.53
197.44 -23.23
194.94 -23.89
191.90 -24.48
188.29 -25.00
184.10 -25.44
179.31 -25.79
173.88 -26.03
167.79 -26.14
161.00 -26.11
153.48 -25.91
145.18 -25.52
136.05 -24.90
126.02 -24.02
115.03 -22.85
103.02 -21.32
89.99 -19.36
75.98 -16.85
61.10 -13.76
45.56 -10.21
29.61 -6.30
13.47 -2.10
-2.66 2.31
-18.63 6.83
-34.36 11.41
-49.80 16.01
-64.91 20.60
-79.61 25.16
-93.82 29.70
-107.47 34.20
-120.52 38.66
-132.92 43.04
-144.65 47.32
-155.73 51.46
-166.13 55.46
-175.88 59.30
-184.98 62.97
-193.42 66.47
-201.21 69.78
-208.36 72.90
-214.86 75.83
-220.73 78.54
-225.95 81.04
-230.52 83.31
-234.46 85.35
-237.75 87.15
-240.40 88.69
-242.40 89.97
-243.76 90.98
-244.48 91.70
-244.54 92.13
-243.95 92.25
-242.71 92.06
-240.82 91.55
-238.26 90.70
-235.04 89.51
-231.14 87.95
-226.56 86.04
-221.30 83.74
-215.34 81.07
-208.66 78.00
-201.26 74.54
-193.11 70.70
-184.18 66.47
-174.46 61.87
-163.92 56.92
-152.53 51.63
-140.30 46.02
-127.23 40.12
-113.32 33.95
-98.59 27.52
-83.06 20.84
-66.80 13.90
-49.94 6.74
-32.61 -0.61
-14.91 -8.15
2.99 -15.85
20.87 -23.64
38.46 -31.41
55.52 -38.99
71.98 -46.21
87.81 -52.99
102.99 -59.27
117.53 -65.03
131.43 -70.28
144.70 -75.00
157.35 -79.16
169.34 -82.78
180.67 -85.85
191.29 -88.38
201.19 -90.40
210.35 -91.93
218.77 -93.02
226.44 -93.68
233.37 -93.94
239.57 -93.82
245.02 -93.35
249.74 -92.55
253.73 -91.43
256.99 -90.00
259.53 -88.28
261.34 -86.28
262.42 -84.01
262.77 -81.48
262.39 -78.70
261.27 -75.69
259.41 -72.44
256.81 -68.97
253.46 -65.28
249.35 -61.40
244.47 -57.31
238.82 -53.04
232.39 -48.60
225.17 -43.98
217.15 -39.21
208.32 -34.28
198.69 -29.22
188.24 -24.03
176.96 -18.72
164.87 -13.32
151.96 -7.83
138.24 -2.29
123.73 3.27
108.43 8.82
92.38 14.28
75.64 19.65
58.46 24.86
41.06 29.71
23.44 34.06
6.06 37.71
-10.76 40.61
-26.93 42.84
-42.39 44.47
-57.16 45.57
-71.20 46.18
-84.53 46.33
-97.13 46.08
-108.99 45.47
-120.12 44.55
-130.52 43.35
-140.20 41.90
-149.14 40.24
-157.37 38.39
-164.87 36.36
-171.66 34.19
-177.74 31.88
-183.11 29.46
-187.76 26.93
-191.71 24.31
-194.95 21.61
-197.48 18.84
-199.29 16.01
-200.38 13.13
-200.76 10.20
-200.41 7.25
-199.33 4.26
-197.50 1.26
-194.94 -1.75
-191.61 -4.76
-187.52 -7.76
-182.65 -10.76
-176.98 -13.73
-170.52 -16.67
-163.23 -19.58
-155.10 -22.45
-146.12 -25.27
-136.26 -28.03
-125.51 -30.73
-113.84 -33.34
-101.22 -35.85
-87.63 -38.23
-73.04 -40.40
-57.49 -42.25
-41.09 -43.58
-24.05 -44.23
-6.62 -44.00
10.85 -42.88
28.04 -40.94
44.76 -38.29
60.84 -35.02
76.14 -31.24
90.56 -27.06
104.06 -22.56
116.65 -17.82
128.33 -12.88
139.12 -7.80
149.06 -2.63
158.14 2.62
166.40 7.90
173.84 13.21
180.47 18.51
186.29 23.79
191.32 29.02
195.57 34.19
199.03 39.27
201.72 44.26
203.63 49.12
204.79 53.86
205.18 58.44
204.82 62.86
203.70 67.10
201.83 71.15
199.21 74.98
195.84 78.58
191.72 81.94
186.86 85.03
181.24 87.84
174.89 90.34
167.79 92.51
159.94 94.33
151.36 95.78
142.04 96.82
132.00 97.42
121.23 97.56
109.75 97.21
97.57 96.32
84.71 94.86
71.19 92.79
57.02 90.07
42.27 86.66
26.97 82.52
11.21 77.59
-4.87 71.82
-21.05 65.16
-37.00 57.62
-52.35 49.36
-66.90 40.58
-80.54 31.42
-93.25 21.98
-105.00 12.36
-115.79 2.59
-125.62 -7.25
-134.48 -17.14
-142.37 -27.00
-149.28 -36.78
-155.24 -46.42
-160.24 -55.87
-164.30 -65.08
-167.38 -73.95
-169.50 -82.40
-170.73 -90.40
-171.09 -97.92
-170.65 -104.96
-169.42 -111.50
-167.44 -117.53
-164.72 -123.05
-161.30 -128.05
-157.20 -132.51
-152.42 -136.43
-147.00 -139.78
-140.94 -142.56
-134.28 -144.75
-127.03 -146.33
-119.22 -147.30
-110.87 -147.63
-102.00 -147.32
-92.63 -146.35
-82.80 -144.71
-72.51 -142.39
-61.79 -139.36
-50.67 -135.62
-39.17 -131.15
-27.32 -125.92
-15.16 -119.91
-2.76 -113.10
9.84 -105.48
22.56 -97.02
35.33 -87.69
48.01 -77.44
60.39 -66.25
72.13 -54.22
83.04 -41.62
93.08 -28.73
102.34 -15.79
110.91 -2.97
118.88 9.55
126.19 21.62
132.80 33.19
138.69 44.25
143.88 54.79
148.39 64.84
152.22 74.39
155.40 83.44
157.93 91.99
159.84 100.02
161.13 107.54
161.81 114.54
161.88 121.01
161.35 126.92
160.24 132.29
158.55 137.08
156.28 141.29
153.45 144.91
150.05 147.92
146.11 150.30
141.63 152.04
136.62 153.12
131.10 153.52
125.08 153.22
118.58 152.21
111.62 150.46
104.22 147.97
96.41 144.71
88.21 140.68
79.64 135.86
70.73 130.26
61.50 123.86
51.99 116.65
42.22 108.63
32.23 99.81
22.07 90.18
11.78 79.79
1.38 68.66
-9.14 56.85
-19.77 44.41
-30.48 31.49
-41.11 18.18
-51.37 5.01
-60.89 -7.44
-69.62 -19.13
-77.55 -30.06
-84.71 -40.27
-91.16 -49.80
-96.93 -58.67
-102.05 -66.90
-106.56 -74.50
-110.48 -81.48
-113.84 -87.85
-116.65 -93.62
-118.93 -98.79
-120.70 -103.36
-121.97 -107.35
-122.75 -110.74
-123.06 -113.54
-122.91 -115.76
-122.29 -117.39
-121.23 -118.43
-119.73 -118.87
-117.79 -118.72
-115.42 -117.97
-112.63 -116.61
-109.41 -114.65
-105.78 -112.07
-101.74 -108.86
-97.29 -105.02
-92.43 -100.54
-87.16 -95.41
-81.49 -89.61
-75.42 -83.15
-68.95 -76.00
-62.08 -68.16
-54.80 -59.62
-47.12 -50.39
-39.00 -40.47
-30.44 -29.89
-21.37 -18.69
-11.71 -6.94
-1.30 5.21
9.91 17.29
21.42 28.70
32.75 39.19
43.65 48.67
53.99 57.15
63.70 64.67
72.77 71.27
81.20 76.96
89.01 81.79
96.22 85.77
102.83 88.95
108.83 91.36
114.23 93.04
119.02 94.02
123.19 94.33
126.74 94.00
129.68 93.06
132.01 91.52
133.71 89.41
134.80 86.74
135.26 83.53
135.11 79.79
134.32 75.53
132.90 70.76
130.83 65.49
128.12 59.75
124.75 53.56
120.72 46.93
116.01 39.93
110.63 32.60
104.57 24.99
97.83 17.17
90.38 9.16
82.21 1.03
73.26 -7.21
63.48 -15.49
52.80 -23.76
41.15 -31.85
28.62 -39.54
15.44 -46.66
1.84 -53.10
-12.05 -58.72
-25.99 -63.35
-39.64 -66.94
-52.80 -69.55
-65.30 -71.28
-77.07 -72.23
-88.05 -72.49
-98.19 -72.12
-107.45 -71.20
-115.83 -69.80
-123.30 -67.98
-129.88 -65.80
-135.55 -63.32
-140.35 -60.59
-144.27 -57.66
-147.32 -54.56
-149.53 -51.33
-150.90 -48.00
-151.45 -44.58
-151.17 -41.09
-150.06 -37.56
-148.14 -33.99
-145.39 -30.40
-141.81 -26.80
-137.38 -23.21
-132.10 -19.64
-125.96 -16.12
-118.96 -12.68
-111.07 -9.33
-102.31 -6.12
-92.67 -3.07
-82.13 -0.22
-70.68 2.36
-58.42 4.64
-45.39 6.70
-31.58 8.49
-17.05 9.82
-2.10 10.37
12.85 10.01
27.41 8.78
41.33 6.89
54.45 4.55
66.64 1.98
77.78 -0.69
87.80 -3.36
96.67 -5.99
104.36 -8.53
110.89 -10.97
116.27 -13.27
120.56 -15.42
123.79 -17.40
126.01 -19.21
127.26 -20.82
127.57 -22.25
126.96 -23.48
125.46 -24.50
123.08 -25.31
119.84 -25.91
115.73 -26.28
110.77 -26.42
104.95 -26.32
98.26 -25.95
90.71 -25.31
82.26 -24.36
72.94 -23.06
62.72 -21.37
51.64 -19.23
39.77 -16.59
27.22 -13.42
14.17 -9.67
0.77 -5.34
-12.79 -0.42
-26.11 4.90
-38.71 10.37
-50.48 15.85
-61.44 21.31
-71.63 26.71
-81.06 31.99
-89.76 37.10
-97.71 41.98
-104.91 46.57
-111.30 50.85
-116.85 54.78
-121.54 58.36
-125.33 61.56
-128.20 64.37
-130.15 66.79
-131.16 68.78
-131.21 70.34
-130.31 71.46
-128.45 72.13
-125.63 72.34
-121.88 72.08
-117.19 71.35
-111.59 70.14
-105.09 68.44
-97.69 66.27
-89.41 63.62
-80.24 60.51
-70.19 56.93
-59.24 52.92
-47.39 48.49
-34.72 43.71
-21.55 38.71
-8.35 33.59
4.43 28.50
16.50 23.45
27.83 18.43
38.43 13.45
48.35 8.51
57.54 3.61
65.89 -1.15
73.39 -5.68
80.08 -9.97
85.96 -14.01
91.04 -17.79
95.31 -21.31
98.76 -24.55
101.37 -27.50
103.14 -30.12
104.05 -32.40
104.11 -34.31
103.33 -35.84
101.71 -36.98
99.24 -37.74
95.94 -38.12
91.80 -38.12
86.82 -37.75
81.01 -37.04
74.36 -36.01
66.88 -34.66
58.53 -33.03
49.31 -31.13
39.16 -29.00
28.02 -26.67
15.92 -24.26
3.30 -21.91
-9.49 -19.80
-21.92 -18.09
-33.68 -16.91
-44.68 -16.20
-54.88 -15.93
-64.23 -16.04
-72.71 -16.49
-80.30 -17.23
-86.99 -18.22
-92.75 -19.44
-97.49 -20.81
-101.17 -22.23
-103.81 -23.73
-105.46 -25.40
-106.19 -27.29
-106.05 -29.36
-105.04 -31.59
-103.17 -33.94
-100.45 -36.37
-96.88 -38.84
-92.46 -41.30
-87.24 -43.69
-81.22 -46.00
-74.43 -48.18
-66.88 -50.21
-58.57 -52.07
-49.51 -53.73
-39.70 -55.14
-29.16 -56.24
-17.98 -56.95
-6.35 -57.22
5.49 -57.01
17.38 -56.27
29.15 -54.92
40.53 -52.94
51.22 -50.36
60.99 -47.29
69.75 -43.86
77.48 -40.16
84.19 -36.25
89.89 -32.17
94.60 -27.97
98.32 -23.65
101.07 -19.23
102.87 -14.74
103.71 -10.18
103.63 -5.57
102.61 -0.94
100.67 3.69
97.83 8.30
94.07 12.84
89.43 17.28
83.92 21.60
77.55 25.77
70.35 29.74
62.35 33.47
53.54 36.89
43.90 39.86
33.48 42.22
22.38 43.84
10.70 44.66
-1.49 44.62
-14.10 43.64
-26.96 41.64
-39.73 38.57
-52.04 34.52
-63.52 29.58
-73.83 24.08
-82.96 18.28
-90.95 12.34
-97.84 6.32
-103.68 0.32
-108.49 -5.63
-112.33 -11.46
-115.22 -17.15
-117.19 -22.66
-118.27 -27.96
-118.49 -33.01
-117.89 -37.78
-116.49 -42.26
-114.35 -46.41
-111.48 -50.23
-107.93 -53.72
-103.72 -56.85
-98.89 -59.55
-93.49 -61.70
-87.54 -63.20
-81.08 -64.03
-74.15 -64.17
-66.77 -63.63
-58.97 -62.38
-50.77 -60.43
-42.21 -57.74
-33.31 -54.31
-24.11 -50.10
-14.65 -45.08
-4.99 -39.24
4.77 -32.56
14.55 -25.05
24.24 -16.73
33.69 -7.64
42.73 2.13
51.19 12.41
58.88 23.00
65.72 33.70
71.68 44.36
76.76 54.87
80.98 65.07
84.38 74.88
87.01 84.19
88.91 92.93
90.12 101.04
90.65 108.46
90.56 115.15
89.85 121.09
88.57 126.25
86.73 130.61
84.37 134.17
81.50 136.91
78.14 138.82
74.31 139.89
70.03 140.10
65.30 139.46
60.16 137.94
54.60 135.54
48.65 132.25
42.31 128.04
35.60 122.90
28.53 116.80
21.12 109.72
13.39 101.61
5.40 92.45
-2.76 82.24
-11.01 71.15
-19.31 59.35
-27.55 46.87
-35.58 33.70
-43.21 19.85
-50.21 5.45
-56.39 -9.26
-61.65 -24.01
-65.99 -38.56
-69.44 -52.74
-72.04 -66.42
-73.85 -79.54
-74.89 -92.00
-75.25 -103.68
-75.07 -114.51
-74.43 -124.51
-73.41 -133.70
-72.03 -142.08
-70.33 -149.67
-68.34 -156.49
-66.08 -162.54
-63.57 -167.82
-60.82 -172.36
-57.86 -176.15
-54.71 -179.19
-51.37 -181.49
-47.86 -183.05
-44.21 -183.86
-40.42 -183.93
-36.52 -183.26
-32.53 -181.84
-28.46 -179.66
-24.34 -176.72
-20.20 -173.02
-16.07 -168.53
-11.97 -163.26
-7.96 -157.20
-4.06 -150.33
-0.33 -142.66
3.17 -134.19
6.39 -124.93
9.25 -114.88
11.68 -104.08
13.59 -92.53
14.88 -80.25
15.40 -67.28
15.06 -53.74
13.78 -39.80
11.61 -25.72
8.65 -11.73
5.15 1.91
1.35 14.93
-2.66 27.18
-6.78 38.64
-10.96 49.27
-15.18 59.10
-19.37 68.14
-23.51 76.45
-27.55 84.06
-31.47 90.99
-35.22 97.27
-38.79 102.90
-42.16 107.90
-45.30 112.27
-48.21 115.99
-50.85 119.07
-53.24 121.49
-55.35 123.23
-57.19 124.30
-58.74 124.67
-60.01 124.35
-60.97 123.34
-61.63 121.63
-61.96 119.23
-61.96 116.13
-61.59 112.34
-60.85 107.86
-59.70 102.69
-58.14 96.85
-56.14 90.32
-53.68 83.12
-50.74 75.24
-47.28 66.66
-43.25 57.36
-38.58 47.33
-33.16 36.55
-26.82 25.08
-19.43 13.15
-11.08 1.32
-2.20 -9.79
6.85 -20.05
15.85 -29.46
24.65 -38.01
33.14 -45.74
41.27 -52.70
48.99 -58.92
56.30 -64.44
63.16 -69.28
69.57 -73.48
75.52 -77.05
81.00 -80.01
86.01 -82.38
90.53 -84.15
94.57 -85.36
98.12 -86.00
101.16 -86.08
103.70 -85.60
105.74 -84.58
107.25 -83.02
108.24 -80.92
108.70 -78.28
108.63 -75.12
108.01 -71.43
106.83 -67.22
105.10 -62.49
102.80 -57.27
99.93 -51.55
96.47 -45.34
92.41 -38.66
87.75 -31.51
82.46 -23.92
76.51 -15.89
69.90 -7.45
62.57 1.38
54.50 10.56
45.64 20.03
35.93 29.61
25.40 39.02
14.22 48.07
2.51 56.56
-9.50 64.16
-21.41 70.68
-32.93 76.18
-43.95 80.69
-54.45 84.27
-64.42 86.97
-73.90 88.84
-82.87 89.92
-91.35 90.25
-99.32 89.86
-106.80 88.78
-113.76 87.04
-120.20 84.63
-126.09 81.60
-131.40 77.95
-136.09 73.71
-140.12 68.94
-143.48 63.69
-146.14 58.00
-148.10 51.91
-149.36 45.45
-149.91 38.65
-149.74 31.53
-148.85 24.12
-147.21 16.43
-144.80 8.48
-141.60 0.29
-137.57 -8.11
-132.67 -16.69
-126.83 -25.40
-120.00 -34.19
-112.15 -42.98
-103.25 -51.70
-93.28 -60.25
-82.20 -68.48
-70.12 -76.13
-57.34 -82.95
-44.19 -88.92
-31.14 -94.11
-18.58 -98.48
-6.64 -102.01
4.67 -104.76
15.32 -106.77
25.32 -108.09
34.66 -108.75
43.33 -108.78
51.32 -108.20
58.62 -107.01
65.21 -105.25
71.06 -102.91
76.14 -100.01
80.42 -96.55
83.86 -92.52
86.43 -87.85
88.36 -82.52
89.77 -76.78
90.55 -70.70
90.64 -64.34
89.98 -57.72
88.56 -50.90
86.34 -43.90
83.31 -36.78
79.47 -29.57
74.82 -22.30
69.34 -14.99
63.01 -7.68
55.82 -0.40
47.74 6.82
38.73 13.91
28.76 20.79
17.79 27.34
5.86 33.34
-6.79 38.53
-19.74 42.75
-32.52 45.93
-44.83 48.17
-56.55 49.61
-67.62 50.34
-78.03 50.44
-87.78 49.96
-96.86 48.94
-105.28 47.39
-113.07 45.34
-120.24 42.75
-126.79 39.65
-132.54 36.20
-137.37 32.49
-141.26 28.57
-144.18 24.49
-146.13 20.26
-147.10 15.92
-147.09 11.48
-146.09 6.97
-144.08 2.39
-141.06 -2.23
-137.01 -6.86
-131.95 -11.43
-125.91 -15.90
-118.92 -20.18
-111.05 -24.24
-102.32 -28.01
-92.78 -31.47
-82.41 -34.56
-71.23 -37.25
-59.25 -39.46
-46.50 -41.10
-33.05 -42.04
-19.13 -42.17
-5.08 -41.48
8.83 -39.99
22.42 -37.73
35.48 -34.81
47.94 -31.35
59.74 -27.46
70.86 -23.23
81.29 -18.75
91.00 -14.08
99.99 -9.26
108.24 -4.33
115.74 0.68
122.44 5.72
128.33 10.73
133.37 15.67
137.57 20.50
140.92 25.19
143.41 29.73
145.07 34.10
145.88 38.27
145.85 42.24
144.99 45.99
143.31 49.51
140.79 52.77
137.46 55.76
133.30 58.45
128.33 60.83
122.53 62.87
115.92 64.53
108.50 65.76
100.27 66.53
91.26 66.78
81.48 66.45
70.97 65.48
59.79 63.79
48.01 61.32
35.74 58.02
23.10 53.87
