-30.00 -10.00
-29.80 -9.94
-29.30 -9.78
-28.52 -9.54
-27.43 -9.20
-26.04 -8.78
-24.33 -8.25
-22.30 -7.62
-19.91 -6.87
-17.15 -6.01
-13.98 -5.00
-10.35 -3.81
-6.20 -2.40
-1.40 -0.69
4.13 1.46
10.11 3.89
16.13 6.27
22.10 8.57
27.80 10.66
33.13 12.46
38.07 13.85
42.46 14.77
46.17 15.30
49.10 15.48
51.24 15.33
52.52 14.81
52.91 13.88
52.49 12.57
51.33 10.94
49.43 9.01
46.73 6.85
43.25 4.45
38.93 1.65
33.86 -1.48
28.38 -4.70
22.68 -7.84
16.91 -10.79
11.20 -13.48
5.67 -15.85
0.40 -17.89
-4.54 -19.57
-9.03 -20.87
-13.05 -21.82
-16.55 -22.42
-19.54 -22.69
-22.00 -22.65
-23.91 -22.29
-25.27 -21.62
-26.06 -20.66
-26.26 -19.39
-25.85 -17.84
-24.81 -16.00
-23.10 -13.88
-20.72 -11.50
-17.66 -8.87
-13.89 -5.98
-9.41 -2.87
-4.22 0.37
1.63 3.60
8.03 6.63
14.88 9.33
22.08 11.63
29.44 13.40
36.67 14.55
43.53 15.01
49.85 14.81
55.51 14.01
60.33 12.69
64.30 10.89
67.49 8.65
69.86 6.11
71.34 3.38
71.98 0.53
71.90 -2.36
70.99 -5.23
69.09 -7.95
66.23 -10.40
62.41 -12.51
57.78 -14.23
52.71 -15.38
47.19 -15.86
41.26 -15.62
35.01 -14.62
28.49 -12.83
21.92 -10.25
15.66 -6.99
9.80 -3.10
4.61 1.34
0.30 6.11
-3.11 11.01
-5.67 15.90
-7.45 20.60
-8.54 24.96
-9.01 28.87
-8.92 32.28
-8.38 35.11
-7.49 37.34
-6.32 38.97
-4.90 40.01
-3.27 40.47
-1.46 40.34
0.50 39.67
2.70 38.50
5.46 36.66
8.59 33.90
11.95 30.13
15.45 25.34
19.05 19.53
22.71 12.75
26.36 5.09
29.89 -3.10
33.25 -11.37
36.27 -19.18
38.74 -26.23
40.65 -32.45
42.08 -37.84
43.11 -42.45
43.81 -46.33
44.22 -49.54
44.37 -52.14
44.28 -54.17
43.96 -55.69
43.42 -56.79
42.64 -57.52
41.56 -57.96
40.05 -58.07
38.05 -57.69
35.63 -56.71
32.84 -55.09
29.75 -52.86
26.33 -50.07
22.56 -46.71
18.38 -42.76
13.84 -38.22
8.94 -33.31
3.51 -28.18
-2.42 -22.90
-8.74 -17.48
-15.37 -12.12
-22.01 -7.07
-28.39 -2.38
-34.40 1.96
-40.01 6.00
-45.09 9.96
-49.56 14.00
-53.38 17.97
-56.42 21.63
-58.63 24.78
-60.08 27.32
-60.80 29.28
-60.89 30.78
-60.42 31.88
-59.42 32.60
-57.93 32.97
-55.93 33.01
-53.44 32.74
-50.46 32.19
-47.00 31.41
-42.98 30.48
-38.39 29.41
-33.23 28.22
-27.52 26.95
-21.24 25.62
-14.33 24.24
-6.71 22.84
1.62 21.44
10.27 20.21
18.46 18.98
26.04 17.35
32.96 15.34
39.37 13.17
45.37 10.82
51.02 8.30
56.36 5.63
61.40 2.84
66.13 -0.02
70.53 -2.89
74.59 -5.73
78.30 -8.50
81.64 -11.14
84.58 -13.61
87.08 -15.82
89.08 -17.71
90.50 -19.21
91.30 -20.24
91.44 -20.71
90.88 -20.54
89.58 -19.66
87.53 -18.03
84.77 -15.69
81.29 -12.76
77.04 -9.42
71.96 -5.90
65.98 -2.44
59.51 0.53
53.14 2.90
46.99 4.72
41.14 6.01
35.66 6.76
30.60 6.99
26.00 6.69
21.88 5.84
18.32 4.40
15.47 2.44
13.36 0.09
11.99 -2.57
11.43 -5.50
11.49 -8.58
12.09 -11.70
13.18 -14.80
14.73 -17.77
16.65 -20.53
18.90 -22.97
21.44 -25.02
24.23 -26.61
27.23 -27.69
30.41 -28.23
33.72 -28.19
37.10 -27.54
40.43 -26.14
43.32 -23.95
45.54 -21.36
46.79 -18.75
46.98 -16.16
46.22 -13.63
44.63 -11.20
42.35 -8.94
39.41 -6.90
35.84 -5.13
31.65 -3.69
26.94 -2.72
21.86 -2.23
16.47 -2.22
10.83 -2.70
5.07 -3.63
-0.63 -4.94
-6.05 -6.46
-10.97 -7.88
-15.43 -8.99
-19.45 -9.67
-23.14 -9.96
-26.65 -9.85
-30.18 -9.33
-33.73 -8.32
-37.17 -6.82
-40.36 -4.83
-43.19 -2.41
-45.63 0.33
-47.61 3.16
-48.98 5.93
-49.66 8.65
-49.68 11.34
-49.10 14.00
-47.97 16.63
-46.33 19.23
-44.21 21.76
-41.68 24.20
-38.81 26.53
-35.62 28.75
-32.15 30.87
-28.44 32.91
-24.55 34.90
-20.51 36.89
-16.42 38.84
-12.54 40.78
-9.35 42.79
-6.89 44.78
-4.96 46.74
-3.49 48.63
-2.51 50.34
-2.02 51.78
-2.01 52.89
-2.42 53.64
-3.20 54.02
-4.32 53.97
-5.75 53.44
-7.48 52.36
-9.50 50.67
-11.70 48.29
-13.94 45.17
-16.11 41.32
-18.28 36.77
-20.37 31.53
-21.68 25.81
-22.21 20.06
-22.11 14.44
-21.44 8.96
-20.17 3.67
-18.28 -1.37
-15.82 -6.13
-12.78 -10.66
-9.20 -14.96
-5.20 -18.89
-0.85 -22.28
3.81 -25.05
8.73 -27.19
13.88 -28.67
19.23 -29.49
24.70 -29.68
30.18 -29.25
35.60 -28.22
40.83 -26.59
45.71 -24.39
50.02 -21.63
53.42 -18.34
55.81 -14.85
57.39 -11.43
58.40 -8.25
59.06 -5.41
59.50 -2.99
59.79 -1.11
59.93 0.17
59.87 0.79
59.55 0.73
58.88 0.01
57.80 -1.28
56.30 -3.04
54.39 -5.19
52.14 -7.71
49.59 -10.62
46.85 -13.92
44.03 -17.60
41.19 -21.67
38.41 -26.16
35.79 -31.12
33.48 -36.59
31.55 -42.44
30.01 -48.27
28.83 -53.72
27.91 -58.55
27.14 -62.68
26.48 -66.04
25.90 -68.62
25.40 -70.62
24.80 -72.23
23.99 -73.36
22.94 -73.94
21.63 -73.89
20.06 -73.14
18.30 -71.60
16.43 -69.25
14.54 -66.08
12.73 -62.05
10.89 -57.35
8.56 -52.03
5.71 -45.92
2.27 -39.05
-1.81 -31.46
-6.49 -23.29
-11.76 -14.89
-17.49 -6.96
-23.30 0.35
-28.75 7.16
-33.72 13.44
-38.16 19.19
-42.03 24.37
-45.37 28.94
-48.19 32.88
-50.54 36.18
-52.43 38.83
-53.90 40.85
-54.96 42.22
-55.63 42.96
-55.93 43.08
-55.88 42.59
-55.48 41.52
-54.71 39.88
-53.56 37.69
-52.02 34.98
-50.03 31.77
-47.57 28.10
-44.58 24.04
-41.06 19.68
-37.20 15.27
-33.00 11.37
-28.39 8.31
-23.41 6.26
-18.15 5.32
-12.61 5.50
-7.02 6.47
-1.53 8.18
3.84 10.66
9.06 13.86
14.06 17.73
18.84 22.19
23.38 27.18
27.69 32.64
31.77 38.54
35.62 44.82
39.23 51.47
42.59 58.41
45.72 65.59
48.69 72.87
51.66 80.04
54.71 86.72
57.76 92.55
60.67 97.38
63.35 101.18
65.75 103.96
67.83 105.72
69.57 106.46
70.95 106.19
71.94 104.88
72.49 102.52
72.56 99.11
72.08 94.68
70.97 89.25
69.21 82.87
66.77 75.60
63.65 67.47
59.86 58.47
55.35 48.56
50.03 37.74
43.88 26.01
36.92 13.45
29.20 0.50
20.73 -12.41
11.54 -24.95
2.14 -36.49
-7.01 -46.80
-15.78 -55.95
-24.13 -64.02
-32.01 -71.09
-39.40 -77.14
-46.27 -82.16
-52.63 -86.12
-58.50 -89.03
-63.86 -90.90
-68.69 -91.75
-72.92 -91.59
-76.52 -90.45
-79.43 -88.34
-81.58 -85.28
-82.90 -81.35
-83.36 -76.62
-82.92 -71.18
-81.55 -65.07
-79.20 -58.39
-75.82 -51.23
-71.39 -43.72
-65.88 -36.02
-59.26 -28.44
-51.78 -21.32
-43.76 -14.87
-35.44 -9.11
-26.97 -4.04
-18.44 0.37
-9.87 4.13
-1.28 7.24
7.29 9.69
15.80 11.47
24.17 12.56
32.27 13.00
39.92 12.83
46.87 12.11
52.83 10.89
57.62 9.15
61.23 6.91
63.67 4.26
64.94 1.27
65.05 -1.98
63.98 -5.36
61.78 -8.75
58.57 -12.03
54.40 -15.15
49.33 -18.01
43.41 -20.45
36.81 -22.30
29.82 -23.46
22.63 -24.00
15.33 -23.95
8.01 -23.34
0.78 -22.18
-6.30 -20.50
-13.21 -18.32
-19.87 -15.64
-26.18 -12.51
-31.99 -9.03
-37.20 -5.31
-41.67 -1.46
-45.30 2.37
-48.09 6.05
-50.06 9.46
-51.25 12.54
-51.70 15.21
-51.44 17.42
-50.51 19.13
-48.93 20.27
-46.76 20.80
-43.98 20.67
-40.49 19.83
-36.17 18.23
-30.95 15.83
-24.98 12.58
-18.44 8.52
-11.48 3.60
-4.26 -2.09
3.09 -8.28
10.53 -14.48
17.81 -20.27
24.81 -25.69
31.34 -30.81
37.14 -35.35
42.30 -39.24
46.84 -42.46
50.75 -45.00
54.01 -46.88
56.60 -48.12
58.49 -48.75
59.68 -48.80
60.19 -48.29
60.00 -47.24
59.14 -45.67
57.58 -43.56
55.34 -40.93
52.41 -37.77
48.77 -34.08
44.43 -29.87
39.39 -25.13
33.72 -19.87
27.51 -14.12
20.90 -7.87
14.02 -1.17
6.98 5.88
-0.19 13.09
-7.41 20.22
-14.43 26.97
-20.96 33.16
-26.93 38.77
-32.31 43.78
-37.14 48.21
-41.40 52.08
-45.11 55.39
-48.26 58.15
-50.83 60.39
-52.83 62.09
-54.23 63.27
-55.02 63.93
-55.19 64.05
-54.72 63.62
-53.61 62.64
-51.83 61.09
-49.39 58.94
-46.27 56.18
-42.49 52.77
-38.08 48.73
-33.05 44.09
-27.42 38.92
-21.21 33.36
-14.54 27.59
-7.64 21.92
-0.70 16.61
6.15 11.81
12.84 7.59
19.27 4.01
25.35 1.11
30.98 -1.12
36.06 -2.70
40.51 -3.68
44.29 -4.11
47.33 -4.03
49.62 -3.50
51.11 -2.53
51.78 -1.16
51.61 0.61
50.66 2.81
49.13 5.24
47.01 7.78
44.25 10.38
40.83 13.01
36.70 15.64
31.86 18.23
26.26 20.75
19.93 23.14
12.96 25.28
5.45 26.96
-2.55 28.04
-10.88 28.46
-19.31 28.20
-27.68 27.24
-35.88 25.54
-43.82 23.06
-51.32 19.73
-58.10 15.58
-63.94 10.74
-68.74 5.32
-72.49 -0.57
-75.17 -6.84
-76.78 -13.40
-77.31 -20.18
-76.76 -27.09
-75.11 -34.07
-72.35 -41.00
-68.47 -47.79
-63.46 -54.30
-57.38 -60.32
-50.54 -65.75
-43.06 -70.60
-35.03 -74.81
-26.51 -78.28
-17.58 -80.97
-8.29 -82.79
1.29 -83.70
11.06 -83.58
20.77 -82.40
30.31 -80.23
39.58 -77.12
48.50 -73.09
56.94 -68.16
64.74 -62.36
71.70 -55.83
77.72 -48.70
82.72 -41.11
86.64 -33.21
89.52 -25.14
91.29 -17.06
92.02 -9.23
91.83 -1.83
90.67 4.98
88.59 11.19
85.64 16.76
81.87 21.69
77.35 25.94
72.14 29.51
66.32 32.39
59.95 34.56
53.07 36.01
45.75 36.72
38.01 36.67
29.92 35.85
21.52 34.22
12.85 31.76
3.96 28.44
-5.08 24.22
-14.18 19.07
-23.25 12.94
-31.99 5.74
-40.11 -2.38
-47.49 -11.27
-53.99 -20.78
-59.48 -30.46
-64.00 -39.86
-67.65 -48.70
-70.57 -56.79
-72.87 -64.07
-74.59 -70.49
-75.78 -76.03
-76.45 -80.66
-76.61 -84.39
-76.25 -87.19
-75.37 -89.08
-73.96 -90.05
-72.00 -90.10
-69.49 -89.23
-66.44 -87.45
-62.85 -84.76
-58.75 -81.14
-54.16 -76.59
-49.14 -71.09
-43.73 -64.64
-37.97 -57.23
-31.90 -48.88
-25.55 -39.58
-18.94 -29.37
-12.14 -18.30
-5.25 -6.47
1.69 5.99
8.63 18.88
15.50 31.95
22.13 44.90
28.34 57.41
34.06 69.16
39.31 79.99
44.11 89.86
48.47 98.78
52.40 106.76
55.91 113.82
59.00 119.96
61.65 125.20
63.88 129.55
65.67 133.01
67.03 135.61
67.94 137.34
68.42 138.21
68.44 138.23
68.02 137.40
67.13 135.72
65.79 133.19
63.98 129.81
61.70 125.57
58.96 120.47
55.77 114.50
52.13 107.67
48.06 99.97
43.58 91.40
38.74 82.00
33.57 71.79
28.11 60.85
22.40 49.29
16.40 37.23
10.06 24.84
3.27 12.41
-3.98 0.35
-11.58 -10.95
-19.32 -21.31
-27.03 -30.71
-34.59 -39.14
-41.91 -46.67
-48.94 -53.37
-55.61 -59.32
-61.85 -64.56
-67.63 -69.12
-72.91 -72.97
-77.68 -76.12
-81.93 -78.58
-85.60 -80.36
-88.64 -81.50
-91.00 -82.00
-92.64 -81.87
-93.57 -81.10
-93.78 -79.68
-93.28 -77.61
-92.08 -74.90
-90.19 -71.58
-87.59 -67.65
-84.28 -63.14
-80.25 -58.07
-75.48 -52.44
-69.97 -46.27
-63.71 -39.55
-56.75 -32.30
-49.12 -24.57
-40.86 -16.48
-32.14 -8.52
-23.12 -0.91
-13.83 6.16
-4.29 12.41
5.29 17.66
14.61 21.96
23.49 25.44
31.86 28.22
39.68 30.40
46.91 32.05
53.55 33.21
59.60 33.94
65.04 34.26
69.89 34.21
74.14 33.82
77.78 33.09
80.83 32.06
83.28 30.73
85.13 29.12
86.38 27.23
87.04 25.09
87.09 22.68
86.53 20.03
85.36 17.14
83.58 14.00
81.18 10.62
78.13 7.01
74.45 3.16
70.09 -0.92
65.05 -5.23
59.28 -9.77
52.75 -14.53
45.37 -19.49
37.10 -24.62
27.99 -29.77
18.11 -34.87
7.44 -39.91
-4.00 -44.84
-16.19 -49.61
-28.75 -54.04
-41.18 -57.77
-53.20 -60.82
-64.56 -63.29
-75.12 -65.25
-84.86 -66.76
-93.75 -67.86
-101.80 -68.56
-109.04 -68.91
-115.47 -68.92
-121.12 -68.62
-126.02 -68.04
-130.17 -67.18
-133.62 -66.08
-136.38 -64.75
-138.46 -63.19
-139.88 -61.43
-140.62 -59.45
-140.69 -57.27
-140.08 -54.89
-138.79 -52.32
-136.79 -49.56
-134.08 -46.62
-130.65 -43.51
-126.49 -40.25
-121.58 -36.85
-115.92 -33.35
-109.51 -29.75
-102.36 -26.10
-94.46 -22.41
-85.85 -18.70
-76.53 -14.96
-66.54 -11.21
-55.88 -7.42
-44.58 -3.57
-32.68 0.36
-20.21 4.42
-7.25 8.67
5.98 13.21
18.89 18.07
31.00 22.98
42.24 27.61
52.60 31.87
62.04 35.80
70.61 39.44
78.31 42.81
85.17 45.95
91.21 48.87
96.44 51.59
100.87 54.13
104.50 56.50
107.33 58.71
109.38 60.78
110.64 62.72
111.11 64.54
110.81 66.24
109.74 67.83
107.91 69.31
105.33 70.67
102.02 71.93
98.00 73.06
93.31 74.04
87.97 74.84
81.99 75.42
75.40 75.72
68.18 75.70
60.34 75.29
51.92 74.43
42.99 73.10
33.53 71.32
23.48 69.06
12.82 66.27
1.48 62.85
-10.60 58.67
-23.13 53.84
-35.36 48.61
-46.88 43.10
-57.56 37.42
-67.32 31.66
-76.15 25.86
-84.05 20.08
-91.02 14.35
-97.06 8.69
-102.17 3.11
-106.36 -2.38
-109.64 -7.76
-112.00 -13.03
-113.47 -18.17
-114.04 -23.18
-113.72 -28.03
-112.55 -32.70
-110.54 -37.16
-107.75 -41.39
-104.25 -45.35
-100.09 -49.02
-95.31 -52.35
-89.90 -55.22
-83.85 -57.58
-77.14 -59.40
-69.77 -60.68
-61.73 -61.39
-53.02 -61.51
-43.62 -61.00
-33.56 -59.78
-22.92 -57.79
-11.91 -54.99
-0.69 -51.28
10.39 -46.62
20.92 -41.18
30.54 -35.29
39.18 -29.26
46.91 -23.25
53.79 -17.29
59.86 -11.41
65.15 -5.63
69.69 0.06
73.48 5.66
76.42 11.15
78.51 16.43
79.75 21.47
80.17 26.23
79.77 30.72
78.57 34.89
76.58 38.73
73.79 42.20
70.22 45.26
65.89 47.87
60.83 49.99
55.06 51.57
48.62 52.57
41.57 52.96
33.93 52.72
25.75 51.83
17.08 50.26
7.94 48.01
-1.62 45.06
-11.58 41.38
-21.90 36.97
-32.56 31.79
-43.51 25.81
-54.68 19.00
-65.96 11.34
-77.11 2.85
-87.73 -6.30
-97.43 -15.75
-106.13 -25.19
-113.87 -34.45
-120.70 -43.43
-126.64 -52.09
-131.74 -60.38
-136.01 -68.26
-139.49 -75.73
-142.19 -82.77
-144.15 -89.37
-145.39 -95.53
-145.95 -101.24
-145.89 -106.46
-145.27 -111.11
-144.12 -115.08
-142.43 -118.32
-140.19 -120.83
-137.40 -122.61
-134.06 -123.69
-130.19 -124.06
-125.79 -123.73
-120.87 -122.71
-115.43 -121.00
-109.48 -118.61
-103.04 -115.54
-96.12 -111.78
-88.73 -107.33
-80.88 -102.17
-72.57 -96.26
-63.81 -89.58
-54.59 -82.10
-44.92 -73.79
-34.94 -64.71
-24.79 -54.85
-14.50 -44.12
-4.13 -32.42
6.22 -19.66
16.34 -5.77
25.58 8.78
33.77 23.27
41.08 37.53
47.81 51.43
54.14 64.73
60.05 77.29
65.46 89.04
70.37 99.99
74.82 110.12
78.82 119.46
82.40 128.01
85.55 135.77
88.30 142.76
90.65 148.99
92.61 154.46
94.20 159.19
95.42 163.17
96.28 166.42
96.78 168.93
96.92 170.71
96.72 171.76
96.18 172.08
95.29 171.66
94.07 170.51
92.50 168.62
90.60 165.99
88.36 162.60
85.78 158.45
82.84 153.54
79.56 147.85
75.91 141.37
71.88 134.09
67.45 126.02
62.59 117.18
57.34 107.58
51.70 97.21
45.69 86.05
39.30 74.08
32.51 61.26
25.33 47.57
17.71 32.97
9.67 17.41
1.34 0.98
-6.87 -16.01
-14.44 -32.87
-21.31 -49.06
-27.66 -64.41
