300.00 0.00
299.04 0.01
297.38 0.04
295.00 0.09
291.90 0.16
288.08 0.25
283.52 0.36
278.23 0.49
272.20 0.64
265.40 0.81
257.83 0.99
249.47 1.19
240.30 1.40
230.30 1.62
219.45 1.86
207.72 2.10
195.07 2.35
181.46 2.60
166.85 2.85
151.17 3.09
134.37 3.31
116.35 3.50
97.01 3.67
76.23 3.79
53.92 3.85
30.17 3.77
5.84 3.35
-17.72 2.61
-40.30 1.75
-61.92 0.81
-82.58 -0.20
-102.31 -1.28
-121.12 -2.41
-139.04 -3.57
-156.07 -4.77
-172.24 -5.98
-187.56 -7.19
-202.05 -8.41
-215.73 -9.62
-228.60 -10.81
-240.68 -11.99
-251.98 -13.13
-262.51 -14.25
-272.27 -15.33
-281.29 -16.38
-289.56 -17.38
-297.09 -18.34
-303.89 -19.26
-309.95 -20.12
-315.29 -20.94
-319.92 -21.70
-323.82 -22.41
-327.00 -23.07
-329.48 -23.67
-331.24 -24.21
-332.29 -24.69
-332.62 -25.12
-332.25 -25.49
-331.16 -25.79
-329.37 -26.04
-326.85 -26.22
-323.62 -26.34
-319.67 -26.39
-315.00 -26.38
-309.59 -26.31
-303.46 -26.17
-296.58 -25.96
-288.96 -25.68
-280.58 -25.33
-271.44 -24.90
-261.52 -24.39
-250.82 -23.81
-239.33 -23.14
-227.02 -22.39
-213.89 -21.53
-199.93 -20.58
-185.10 -19.51
-169.39 -18.32
-152.79 -16.98
-135.27 -15.49
-116.82 -13.82
-97.46 -11.94
-77.23 -9.82
-56.25 -7.44
-34.63 -4.77
-12.46 -1.82
10.17 1.38
33.07 4.80
55.73 8.33
77.78 11.78
99.12 15.02
119.74 17.98
139.58 20.62
158.57 22.94
176.68 24.98
193.92 26.75
210.32 28.27
225.88 29.55
240.62 30.61
254.56 31.48
267.69 32.15
280.05 32.66
291.63 33.02
302.46 33.23
312.54 33.32
321.90 33.29
330.52 33.14
338.44 32.90
345.65 32.56
352.17 32.14
358.01 31.63
363.17 31.05
367.65 30.40
371.47 29.68
374.64 28.89
377.15 28.04
379.01 27.13
380.23 26.17
380.80 25.15
380.74 24.07
380.04 22.94
378.70 21.76
376.73 20.54
374.12 19.26
370.88 17.93
367.00 16.56
362.49 15.15
357.33 13.69
351.53 12.18
345.09 10.64
337.99 9.06
330.24 7.43
321.82 5.78
312.74 4.08
302.98 2.36
292.54 0.60
281.40 -1.18
269.56 -3.00
257.01 -4.84
243.73 -6.70
229.72 -8.58
214.97 -10.48
199.49 -12.39
183.29 -14.30
166.42 -16.19
148.94 -18.03
130.91 -19.81
112.33 -21.47
93.21 -23.00
73.54 -24.33
53.29 -25.41
32.48 -26.11
11.28 -26.26
-10.06 -25.79
-31.24 -24.71
-52.19 -22.99
-72.70 -20.68
-92.53 -17.90
-111.59 -14.72
-129.88 -11.24
-147.41 -7.53
-164.15 -3.65
-180.05 0.32
-195.13 4.36
-209.41 8.43
-222.91 12.52
-235.65 16.59
-247.65 20.65
-258.94 24.68
-269.52 28.67
-279.42 32.61
-288.65 36.50
-297.21 40.33
-305.13 44.09
-312.41 47.77
-319.05 51.37
-325.08 54.88
-330.50 58.30
-335.31 61.62
-339.52 64.84
-343.14 67.95
-346.17 70.95
-348.62 73.83
-350.49 76.59
-351.78 79.22
-352.51 81.73
-352.66 84.11
-352.25 86.34
-351.28 88.44
-349.74 90.40
-347.64 92.21
-344.98 93.87
-341.76 95.38
-337.97 96.73
-333.62 97.92
-328.71 98.94
-323.23 99.80
-317.19 100.48
-310.57 101.00
-303.37 101.33
-295.60 101.48
-287.24 101.44
-278.30 101.22
-268.76 100.79
-258.61 100.17
-247.87 99.33
-236.50 98.29
-224.52 97.03
-211.91 95.55
-198.67 93.84
-184.80 91.89
-170.29 89.70
-155.16 87.25
-139.40 84.51
-123.03 81.47
-106.04 78.08
-88.42 74.28
-70.25 69.96
-51.73 65.12
-32.85 59.74
-13.61 53.73
5.93 46.98
25.64 39.34
45.24 30.74
64.43 21.30
82.99 11.26
100.81 0.88
117.87 -9.59
134.12 -19.98
149.51 -30.19
164.06 -40.18
177.78 -49.93
190.72 -59.42
202.89 -68.64
214.33 -77.59
225.07 -86.27
235.14 -94.65
244.54 -102.75
253.31 -110.56
261.46 -118.07
269.01 -125.29
275.96 -132.21
282.34 -138.83
288.15 -145.15
293.40 -151.17
298.11 -156.89
302.27 -162.31
305.90 -167.43
309.00 -172.25
311.58 -176.76
313.64 -180.96
315.19 -184.86
316.23 -188.46
316.76 -191.74
316.79 -194.71
316.32 -197.37
315.36 -199.72
313.90 -201.74
311.94 -203.45
309.50 -204.82
306.56 -205.87
303.14 -206.58
299.23 -206.96
294.83 -206.99
289.94 -206.68
284.57 -206.01
278.72 -204.98
272.37 -203.58
265.54 -201.81
258.22 -199.66
250.42 -197.12
242.12 -194.18
233.33 -190.83
224.04 -187.07
214.26 -182.87
203.98 -178.23
193.20 -173.13
181.92 -167.56
170.13 -161.50
157.84 -154.92
145.05 -147.81
131.75 -140.15
117.96 -131.89
103.68 -123.02
88.93 -113.49
73.73 -103.25
58.14 -92.27
42.24 -80.50
26.15 -67.90
10.02 -54.45
-6.02 -40.16
-21.76 -25.06
-36.96 -9.39
-51.44 6.50
-65.13 22.25
-77.95 37.60
-89.92 52.48
-101.09 66.85
-111.50 80.69
-121.20 93.99
-130.21 106.77
-138.57 119.04
-146.32 130.79
-153.46 142.04
-160.03 152.80
-166.05 163.07
-171.54 172.85
-176.50 182.15
-180.96 190.97
-184.93 199.31
-188.42 207.18
-191.44 214.57
-194.01 221.50
-196.13 227.95
-197.80 233.93
-199.05 239.44
-199.87 244.47
-200.27 249.02
-200.26 253.10
-199.85 256.70
-199.03 259.82
-197.82 262.45
-196.22 264.59
-194.24 266.24
-191.88 267.38
-189.15 268.03
-186.04 268.17
-182.57 267.80
-178.75 266.90
-174.56 265.49
-170.03 263.54
-165.16 261.05
-159.95 258.02
-154.41 254.43
-148.53 250.29
-142.34 245.58
-135.83 240.29
-129.01 234.42
-121.89 227.95
-114.46 220.88
-106.74 213.19
-98.73 204.87
-90.44 195.90
-81.87 186.28
-73.04 175.98
-63.95 164.99
-54.61 153.27
-45.05 140.82
-35.27 127.59
-25.31 113.57
-15.20 98.71
-4.99 83.00
5.25 66.41
15.42 48.95
25.40 30.68
35.08 11.76
44.42 -7.54
53.29 -26.82
61.57 -45.79
69.27 -64.30
76.41 -82.30
83.04 -99.76
89.18 -116.69
94.85 -133.12
100.08 -149.09
104.84 -164.63
109.18 -179.64
113.18 -193.97
116.88 -207.62
120.29 -220.59
123.42 -232.91
126.29 -244.58
128.91 -255.63
131.28 -266.06
133.41 -275.88
135.31 -285.10
136.98 -293.73
138.43 -301.78
139.66 -309.25
140.67 -316.15
141.48 -322.49
142.07 -328.27
142.47 -333.49
142.66 -338.16
142.66 -342.29
142.46 -345.87
142.07 -348.92
141.49 -351.42
140.72 -353.40
139.76 -354.84
138.62 -355.75
137.30 -356.12
135.79 -355.97
134.09 -355.29
132.22 -354.08
130.16 -352.33
127.92 -350.05
125.50 -347.24
122.90 -343.89
120.11 -340.00
117.15 -335.56
114.00 -330.58
110.68 -325.04
107.17 -318.94
103.47 -312.27
99.60 -305.03
95.54 -297.21
91.30 -288.79
86.87 -279.76
82.27 -270.12
77.48 -259.84
72.51 -248.92
67.35 -237.32
62.02 -225.05
56.52 -212.06
50.84 -198.34
44.99 -183.87
38.98 -168.60
32.81 -152.50
26.50 -135.55
20.05 -117.70
13.49 -98.91
6.84 -79.15
0.14 -58.42
-6.56 -36.81
-12.94 -14.54
-18.86 7.59
-24.51 29.05
-29.92 49.79
-35.09 69.82
-40.02 89.14
-44.72 107.78
-49.21 125.75
-53.51 143.05
-57.61 159.67
-61.53 175.62
-65.26 190.90
-68.79 205.53
-72.14 219.51
-75.30 232.85
-78.27 245.56
-81.06 257.66
-83.66 269.14
-86.09 280.03
-88.34 290.33
-90.43 300.04
-92.34 309.17
-94.09 317.73
-95.68 325.72
-97.10 333.15
-98.38 340.02
-99.49 346.34
-100.46 352.11
-101.27 357.33
-101.94 362.00
-102.46 366.14
-102.84 369.73
-103.07 372.79
-103.16 375.31
-103.12 377.30
-102.93 378.75
-102.61 379.67
-102.14 380.06
-101.55 379.92
-100.81 379.24
-99.94 378.04
-98.93 376.31
-97.79 374.04
-96.51 371.24
-95.09 367.91
-93.54 364.04
-91.85 359.63
-90.02 354.68
-88.06 349.18
-85.96 343.14
-83.72 336.55
-81.34 329.39
-78.82 321.68
-76.16 313.40
-73.37 304.54
-70.43 295.09
-67.34 285.06
-64.12 274.42
-60.75 263.17
-57.24 251.30
-53.58 238.78
-49.78 225.62
-45.82 211.78
-41.72 197.25
-37.48 182.00
-33.08 166.02
-28.55 149.27
-23.88 131.73
-19.08 113.36
-14.15 94.13
-9.09 74.01
-3.90 52.95
1.40 30.90
6.79 7.89
12.20 -15.68
17.55 -38.99
22.71 -61.53
27.60 -83.20
32.24 -103.98
36.63 -123.92
40.79 -143.04
44.73 -161.38
48.45 -178.96
51.98 -195.81
55.31 -211.95
58.45 -227.40
61.42 -242.18
64.21 -256.29
66.84 -269.77
69.31 -282.61
71.63 -294.83
73.80 -306.45
75.82 -317.47
77.70 -327.89
79.45 -337.74
81.05 -347.01
82.52 -355.72
83.86 -363.86
85.07 -371.45
86.16 -378.49
87.11 -384.98
87.94 -390.93
88.65 -396.34
89.23 -401.22
89.69 -405.56
90.03 -409.37
90.25 -412.64
90.35 -415.39
90.34 -417.62
90.20 -419.31
89.95 -420.47
89.57 -421.11
89.08 -421.22
88.48 -420.80
87.75 -419.85
86.91 -418.37
85.94 -416.35
84.87 -413.80
83.67 -410.71
82.36 -407.08
80.92 -402.91
79.38 -398.18
77.71 -392.91
75.93 -387.07
74.03 -380.68
72.01 -373.72
69.89 -366.19
67.64 -358.07
65.28 -349.37
62.81 -340.08
60.23 -330.19
57.53 -319.69
54.72 -308.57
51.80 -296.82
48.76 -284.42
45.62 -271.38
42.37 -257.67
39.02 -243.30
35.59 -228.25
32.08 -212.56
28.48 -196.24
24.76 -179.28
20.91 -161.66
16.90 -143.35
12.73 -124.33
8.37 -104.56
3.81 -84.04
-0.97 -62.74
-5.98 -40.65
-11.26 -17.81
-16.82 5.51
-22.50 28.75
-28.11 51.42
-33.55 73.33
-38.78 94.44
-43.77 114.75
-48.51 134.29
-53.01 153.06
-57.26 171.09
-61.26 188.40
-65.02 205.00
-68.55 220.91
-71.86 236.13
-74.94 250.69
-77.82 264.58
-80.50 277.83
-82.98 290.44
-85.28 302.42
-87.40 313.77
-89.34 324.51
-91.13 334.65
-92.75 344.19
-94.22 353.13
-95.54 361.49
-96.71 369.27
-97.73 376.47
-98.62 383.10
-99.36 389.16
-99.97 394.66
-100.45 399.60
-100.79 403.99
-100.99 407.81
-101.07 411.09
-101.01 413.81
-100.83 415.97
-100.51 417.59
-100.07 418.65
-99.49 419.16
-98.79 419.12
-97.96 418.53
-96.99 417.37
-95.90 415.66
-94.67 413.39
-93.32 410.56
-91.83 407.17
-90.20 403.21
-88.45 398.68
-86.55 393.57
-84.52 387.89
-82.35 381.62
-80.04 374.78
-77.59 367.34
-75.00 359.30
-72.26 350.67
-69.38 341.42
-66.35 331.57
-63.17 321.09
-59.85 309.99
-56.37 298.24
-52.75 285.85
-48.97 272.81
-45.05 259.09
-40.98 244.69
-36.76 229.59
-32.40 213.77
-27.91 197.21
-23.28 179.90
-18.53 161.81
-13.67 142.91
-8.71 123.17
-3.69 102.58
1.36 81.10
6.38 58.74
11.28 35.57
15.90 11.86
20.01 -12.01
23.56 -35.58
26.62 -58.68
29.30 -81.22
31.74 -103.08
33.93 -124.09
35.87 -144.24
37.57 -163.54
39.06 -182.02
40.34 -199.71
41.44 -216.61
42.36 -232.75
43.12 -248.15
43.72 -262.83
44.18 -276.79
44.50 -290.05
44.69 -302.63
44.75 -314.54
44.69 -325.78
44.52 -336.37
44.23 -346.32
43.82 -355.63
43.32 -364.30
42.71 -372.35
42.00 -379.78
41.19 -386.60
40.29 -392.80
39.30 -398.40
38.22 -403.39
37.06 -407.78
35.82 -411.56
34.49 -414.75
33.10 -417.33
31.62 -419.32
30.08 -420.71
28.47 -421.50
26.79 -421.69
25.05 -421.28
23.25 -420.26
21.39 -418.65
19.47 -416.43
17.51 -413.61
15.49 -410.17
13.43 -406.13
11.32 -401.47
9.16 -396.19
6.97 -390.29
4.73 -383.76
2.46 -376.60
0.15 -368.79
-2.19 -360.34
-4.56 -351.24
-6.95 -341.47
-9.38 -331.02
-11.82 -319.90
-14.28 -308.07
-16.76 -295.54
-19.25 -282.27
-21.73 -268.27
-24.22 -253.49
-26.69 -237.94
-29.15 -221.57
-31.57 -204.36
-33.94 -186.28
-36.25 -167.29
-38.46 -147.35
-40.55 -126.41
-42.43 -104.44
-44.02 -81.47
-45.28 -57.59
-46.24 -32.81
-46.77 -7.26
-46.57 18.69
-45.46 44.38
-43.55 69.30
-41.02 93.28
-38.02 116.25
-34.69 138.18
-31.12 159.12
-27.37 179.09
-23.50 198.14
-19.54 216.29
-15.53 233.58
-11.49 250.04
-7.44 265.69
-3.39 280.56
0.65 294.68
4.66 308.05
8.65 320.71
12.60 332.65
16.51 343.90
20.37 354.47
24.19 364.37
27.94 373.61
31.63 382.20
35.26 390.14
38.82 397.45
42.31 404.12
45.73 410.17
49.06 415.60
52.32 420.41
55.49 424.62
58.57 428.21
61.56 431.19
64.46 433.57
67.26 435.35
69.96 436.53
72.55 437.11
75.04 437.08
77.42 436.46
79.69 435.23
81.84 433.41
83.88 430.98
85.78 427.94
87.56 424.30
89.21 420.05
90.71 415.19
92.08 409.71
93.29 403.61
94.35 396.90
95.24 389.56
95.97 381.58
96.52 372.98
96.89 363.74
97.07 353.85
97.04 343.32
96.81 332.13
96.36 320.28
95.69 307.77
94.77 294.57
93.61 280.69
92.18 266.12
90.48 250.83
88.49 234.83
86.19 218.10
83.57 200.62
80.62 182.38
77.30 163.36
73.62 143.54
69.54 122.91
65.06 101.43
60.18 79.10
54.86 55.95
48.99 31.97
42.40 7.15
34.91 -18.06
26.70 -42.86
18.24 -66.83
9.67 -89.90
1.03 -112.05
-7.66 -133.30
-16.37 -153.63
-25.05 -173.05
-33.67 -191.58
-42.20 -209.24
-50.61 -226.07
-58.90 -242.08
-67.04 -257.31
-75.02 -271.77
-82.84 -285.49
-90.49 -298.48
-97.97 -310.76
-105.26 -322.34
-112.36 -333.23
-119.27 -343.45
-125.99 -353.01
-132.50 -361.92
-138.80 -370.19
-144.90 -377.83
-150.79 -384.85
-156.46 -391.25
-161.91 -397.04
-167.14 -402.22
-172.15 -406.82
-176.93 -410.82
-181.48 -414.23
-185.80 -417.07
-189.88 -419.32
-193.73 -421.01
-197.33 -422.12
-200.69 -422.67
-203.80 -422.66
-206.67 -422.08
-209.28 -420.94
-211.63 -419.25
-213.73 -417.00
-215.56 -414.19
-217.13 -410.82
-218.43 -406.90
-219.45 -402.43
-220.19 -397.39
-220.65 -391.80
-220.81 -385.65
-220.68 -378.93
-220.25 -371.65
-219.51 -363.80
-218.45 -355.39
-217.07 -346.40
-215.35 -336.84
-213.28 -326.69
-210.87 -315.96
-208.09 -304.65
-204.93 -292.74
-201.38 -280.23
-197.43 -267.12
-193.05 -253.40
-188.24 -239.06
-182.97 -224.10
-177.22 -208.51
-170.96 -192.29
-164.18 -175.42
-156.83 -157.92
-148.89 -139.78
-140.32 -121.01
-131.09 -101.61
-121.17 -81.63
-110.53 -61.10
-99.17 -40.13
-87.07 -18.88
-74.26 2.45
-60.73 23.65
-46.50 44.47
-31.68 64.60
-16.49 83.82
-1.15 102.03
14.14 119.22
29.28 135.45
44.19 150.77
58.83 165.23
73.17 178.86
87.18 191.70
100.85 203.77
114.15 215.12
127.07 225.75
139.60 235.69
151.73 244.97
163.45 253.61
174.75 261.63
185.63 269.05
196.08 275.88
206.10 282.13
215.69 287.84
224.85 292.99
233.58 297.62
241.87 301.72
249.72 305.31
257.14 308.40
264.12 311.00
270.66 313.11
276.75 314.74
282.41 315.91
287.63 316.60
292.40 316.84
296.73 316.63
300.62 315.97
304.06 314.86
307.05 313.32
309.60 311.34
311.70 308.93
313.35 306.09
314.54 302.82
315.28 299.13
315.56 295.02
315.37 290.48
314.72 285.53
313.60 280.16
312.00 274.37
309.92 268.17
307.35 261.55
304.28 254.51
300.71 247.06
296.63 239.19
292.03 230.90
286.90 222.19
281.22 213.07
274.99 203.53
268.19 193.58
260.81 183.20
252.83 172.41
244.24 161.20
235.01 149.57
225.12 137.52
214.55 125.05
203.28 112.18
191.27 98.88
178.48 85.19
164.87 71.09
150.39 56.62
134.96 41.80
118.53 26.71
101.04 11.45
82.46 -3.82
62.82 -18.95
42.17 -33.64
20.76 -47.53
-1.01 -60.38
-22.82 -72.25
-44.53 -83.20
-65.97 -93.27
-87.01 -102.45
-107.57 -110.80
-127.56 -118.38
-146.94 -125.25
-165.68 -131.47
-183.77 -137.09
-201.19 -142.15
-217.94 -146.68
-234.02 -150.73
-249.44 -154.32
-264.21 -157.47
-278.32 -160.20
-291.78 -162.54
-304.60 -164.50
-316.78 -166.10
-328.32 -167.34
-339.24 -168.25
-349.52 -168.83
-359.19 -169.09
-368.23 -169.05
-376.66 -168.71
-384.47 -168.09
-391.66 -167.18
-398.25 -166.01
-404.22 -164.58
-409.58 -162.88
-414.33 -160.95
-418.47 -158.76
-422.00 -156.35
-424.92 -153.70
-427.23 -150.83
-428.92 -147.74
-430.00 -144.45
-430.47 -140.94
-430.32 -137.23
-429.54 -133.33
-428.14 -129.24
-426.11 -124.97
-423.45 -120.52
-420.16 -115.89
-416.22 -111.10
-411.64 -106.15
-406.40 -101.04
-400.51 -95.78
-393.95 -90.38
-386.72 -84.84
-378.81 -79.17
-370.21 -73.38
-360.91 -67.46
-350.91 -61.43
-340.18 -55.30
-328.71 -49.06
