100.00 0.00
99.62 0.00
98.99 0.01
98.11 0.03
96.97 0.06
95.56 0.09
93.90 0.13
91.97 0.17
89.76 0.22
87.27 0.28
84.50 0.33
81.43 0.39
78.05 0.46
74.35 0.52
70.31 0.57
65.91 0.63
61.12 0.67
55.92 0.69
50.25 0.70
44.05 0.70
37.23 0.76
29.76 0.97
21.46 1.22
12.28 1.43
3.12 1.64
-5.55 1.86
-13.71 2.06
-21.39 2.22
-28.60 2.34
-35.37 2.41
-41.71 2.45
-47.62 2.46
-53.13 2.45
-58.23 2.42
-62.93 2.38
-67.23 2.33
-71.14 2.29
-74.66 2.25
-77.79 2.22
-80.53 2.20
-82.88 2.20
-84.83 2.20
-86.39 2.23
-87.55 2.28
-88.30 2.35
-88.64 2.43
-88.56 2.54
-88.05 2.68
-87.11 2.83
-85.72 3.01
-83.86 3.22
-81.51 3.45
-78.66 3.70
-75.27 3.98
-71.32 4.28
-66.76 4.61
-61.55 4.95
-55.63 5.30
-48.93 5.67
-41.40 6.02
-32.97 6.33
-23.59 6.56
-13.26 6.66
-2.08 6.64
9.79 6.50
22.16 6.24
34.84 5.86
47.56 5.40
60.06 4.84
72.19 4.19
83.84 3.42
94.91 2.53
105.27 1.54
114.78 0.47
123.38 -0.66
131.02 -1.82
137.73 -2.99
143.50 -4.16
148.37 -5.32
152.37 -6.43
155.55 -7.50
157.92 -8.53
159.50 -9.52
160.25 -10.47
160.16 -11.39
159.22 -12.24
157.41 -13.03
154.72 -13.73
151.13 -14.34
146.64 -14.83
141.22 -15.18
134.89 -15.33
127.71 -15.23
119.79 -14.91
111.20 -14.38
101.95 -13.70
92.06 -12.85
81.56 -11.86
70.48 -10.71
58.87 -9.41
46.80 -7.96
34.39 -6.35
21.74 -4.54
8.99 -2.50
-3.65 -0.21
-15.79 2.22
-27.00 4.71
-37.17 7.17
-46.33 9.51
-54.56 11.70
-61.89 13.68
-68.37 15.44
-74.03 16.94
-78.86 18.17
-82.90 19.12
-86.14 19.79
-88.59 20.20
-90.28 20.36
-91.23 20.29
-91.45 20.01
-91.00 19.55
-89.89 18.93
-88.16 18.17
-85.83 17.30
-82.92 16.33
-79.46 15.26
-75.48 14.11
-70.98 12.88
-65.93 11.54
-60.22 10.02
-53.79 8.24
-46.60 6.12
-38.63 3.57
-29.93 0.46
-20.56 -3.39
-10.78 -8.06
-1.18 -13.15
7.99 -18.38
16.62 -23.52
24.71 -28.40
32.26 -32.91
39.31 -36.97
45.83 -40.52
51.81 -43.56
57.24 -46.08
62.13 -48.10
66.48 -49.61
70.30 -50.63
73.59 -51.14
76.33 -51.13
78.48 -50.60
80.00 -49.53
80.83 -47.93
80.94 -45.81
80.30 -43.18
78.91 -40.06
76.76 -36.45
73.83 -32.37
70.12 -27.85
65.61 -22.90
60.31 -17.55
54.21 -11.85
47.31 -5.85
39.64 0.31
31.38 6.48
22.69 12.66
13.72 18.80
4.70 24.78
-4.10 30.48
-12.49 35.78
-20.38 40.62
-27.73 44.94
-34.53 48.70
-40.75 51.86
-46.38 54.39
-51.44 56.28
-55.94 57.50
-59.87 58.03
-63.17 57.85
-65.75 57.02
-67.58 55.63
-68.68 53.73
-69.05 51.36
-68.70 48.56
-67.65 45.35
-65.92 41.78
-63.51 37.86
-60.45 33.64
-56.77 29.12
-52.48 24.36
-47.62 19.36
-42.21 14.17
-36.29 8.84
-29.89 3.45
-23.05 -1.95
-15.76 -7.28
-8.03 -12.49
0.15 -17.51
8.72 -22.24
17.61 -26.62
26.74 -30.58
36.01 -34.02
45.29 -36.87
54.44 -39.07
63.32 -40.57
71.85 -41.38
79.98 -41.53
87.74 -41.05
95.15 -39.91
102.13 -38.01
108.46 -35.54
114.08 -32.73
119.00 -29.71
123.27 -26.55
126.87 -23.32
129.82 -20.05
132.10 -16.77
133.71 -13.50
134.64 -10.25
134.88 -7.04
134.43 -3.88
133.28 -0.77
131.43 2.27
128.87 5.23
125.60 8.10
121.61 10.86
116.90 13.47
111.47 15.88
105.41 18.02
98.75 19.83
91.49 21.34
83.63 22.53
75.17 23.40
66.13 23.93
56.51 24.09
46.32 23.78
35.55 22.92
24.20 21.40
12.38 19.04
0.44 15.77
-11.40 11.90
-23.11 7.71
-34.65 3.42
-45.93 -0.85
-56.89 -4.98
-67.47 -8.89
-77.59 -12.51
-87.15 -15.81
-96.12 -18.77
-104.46 -21.36
-112.15 -23.58
-119.17 -25.40
-125.50 -26.81
-131.13 -27.83
-136.04 -28.43
-140.20 -28.63
-143.61 -28.44
-146.24 -27.86
-148.07 -26.91
-149.10 -25.60
-149.31 -23.96
-148.69 -22.02
-147.25 -19.82
-145.02 -17.39
-142.01 -14.73
-138.22 -11.85
-133.66 -8.75
-128.32 -5.42
-122.19 -1.86
-115.27 1.92
-107.54 5.92
-99.00 10.12
-89.64 14.49
-79.47 18.97
-68.51 23.49
-56.89 27.90
-44.76 32.17
-32.22 36.29
-19.37 40.22
-6.38 43.96
6.49 47.43
19.06 50.50
31.24 53.10
42.98 55.17
54.23 56.69
64.95 57.63
75.10 57.96
84.65 57.68
93.57 56.75
101.81 55.10
109.14 52.74
115.50 49.82
120.89 46.43
125.33 42.63
128.86 38.51
131.49 34.12
133.23 29.51
134.09 24.71
134.08 19.76
133.21 14.69
131.49 9.52
128.93 4.27
125.54 -1.03
121.33 -6.35
116.30 -11.66
110.48 -16.92
103.87 -22.07
96.52 -27.05
88.51 -31.77
79.93 -36.19
70.86 -40.23
61.43 -43.84
51.74 -46.96
41.92 -49.56
32.09 -51.57
22.44 -52.91
13.28 -53.61
4.87 -53.83
-2.76 -53.77
-9.77 -53.61
-16.31 -53.32
-22.44 -52.89
-28.16 -52.31
-33.49 -51.60
-38.43 -50.78
-42.99 -49.84
-47.17 -48.81
-50.98 -47.69
-54.41 -46.50
-57.46 -45.25
-60.13 -43.96
-62.40 -42.64
-64.25 -41.32
-65.68 -40.01
-66.63 -38.71
-67.08 -37.45
-66.99 -36.22
-66.31 -35.03
-64.99 -33.87
-63.01 -32.73
-60.34 -31.60
-56.94 -30.46
-52.78 -29.30
-47.83 -28.12
-42.04 -26.96
-35.36 -25.84
-27.93 -24.92
-20.02 -24.24
-11.90 -23.62
-3.98 -22.90
3.54 -21.98
10.62 -20.85
17.26 -19.48
23.48 -17.87
29.32 -16.01
34.80 -13.92
39.97 -11.65
44.81 -9.27
49.34 -6.81
53.52 -4.28
57.35 -1.68
60.83 1.01
63.94 3.79
66.66 6.69
68.98 9.73
70.88 12.92
72.31 16.28
73.23 19.82
73.57 23.54
73.26 27.41
72.23 31.37
70.44 35.36
67.86 39.30
64.45 43.15
60.20 46.84
55.10 50.32
49.17 53.54
42.45 56.46
34.99 59.01
26.89 61.15
18.32 62.81
9.49 63.98
0.59 64.68
-8.21 64.93
-16.76 64.77
-24.97 64.23
-32.77 63.33
-40.13 62.08
-47.00 60.49
-53.38 58.56
-59.24 56.31
-64.56 53.73
-69.33 50.86
-73.54 47.71
-77.18 44.31
-80.26 40.69
-82.78 36.91
-84.80 32.98
-86.32 28.94
-87.36 24.80
-87.91 20.59
-87.96 16.34
-87.49 12.08
-86.49 7.85
-84.95 3.67
-82.86 -0.44
-80.19 -4.44
-76.95 -8.30
-73.10 -12.01
-68.65 -15.51
-63.55 -18.76
-57.82 -21.71
-51.42 -24.30
-44.36 -26.48
-36.62 -28.19
-28.21 -29.38
-19.14 -30.00
-9.45 -30.01
0.74 -29.37
11.24 -28.04
21.70 -25.99
31.84 -23.28
41.48 -20.21
50.54 -16.93
59.04 -13.52
67.01 -10.01
74.47 -6.45
81.39 -2.89
87.75 0.62
93.54 4.06
98.74 7.41
103.37 10.65
107.42 13.79
110.92 16.81
113.86 19.71
116.24 22.47
118.07 25.09
119.34 27.55
120.06 29.84
120.21 31.93
119.77 33.82
118.75 35.46
117.12 36.83
114.87 37.90
111.99 38.65
108.47 39.04
104.29 39.06
99.43 38.70
93.87 37.93
87.59 36.73
80.58 35.07
72.79 32.91
64.20 30.21
54.79 26.90
44.52 22.88
33.44 18.02
21.64 12.23
9.28 5.51
-3.31 -1.80
-15.89 -9.57
-28.17 -17.59
-40.03 -25.66
-51.45 -33.69
-62.40 -41.57
-72.74 -49.19
-82.36 -56.52
-91.28 -63.53
-99.54 -70.21
-107.14 -76.53
-114.10 -82.44
-120.43 -87.93
-126.12 -92.98
-131.17 -97.57
-135.56 -101.69
-139.30 -105.33
-142.37 -108.50
-144.77 -111.18
-146.48 -113.37
-147.49 -115.06
-147.80 -116.26
-147.38 -116.95
-146.23 -117.13
-144.32 -116.78
-141.65 -115.90
-138.18 -114.47
-133.91 -112.47
-128.82 -109.88
-122.90 -106.68
-116.14 -102.83
-108.53 -98.32
-100.09 -93.11
-90.80 -87.20
-80.68 -80.55
-69.71 -73.12
-57.89 -64.87
-45.21 -55.74
-31.69 -45.65
-17.56 -34.61
-3.21 -22.92
11.27 -10.81
25.65 1.39
39.65 13.38
53.17 25.05
66.08 36.25
78.19 46.90
89.46 57.00
99.86 66.57
109.38 75.60
118.03 84.11
125.79 92.09
132.69 99.52
138.76 106.38
144.05 112.67
148.57 118.38
152.37 123.50
155.45 128.03
157.85 131.98
159.57 135.34
160.63 138.13
161.03 140.33
160.78 141.95
159.88 142.99
158.34 143.45
156.15 143.34
153.33 142.64
149.86 141.35
145.74 139.49
140.98 137.04
135.56 134.00
129.49 130.37
122.76 126.14
115.38 121.32
107.33 115.90
98.61 109.87
89.24 103.23
79.22 95.96
68.56 88.05
57.28 79.50
45.39 70.27
32.93 60.33
20.05 49.66
7.02 38.40
-5.87 26.79
-18.29 15.17
-30.20 3.93
-41.70 -6.79
-52.77 -16.90
-63.30 -26.39
-73.23 -35.28
-82.54 -43.52
-91.23 -51.11
-99.28 -58.05
-106.69 -64.36
-113.48 -70.04
-119.63 -75.13
-125.15 -79.64
-130.04 -83.57
-134.30 -86.96
-137.93 -89.80
-140.93 -92.11
-143.29 -93.89
-145.01 -95.16
-146.09 -95.92
-146.53 -96.16
-146.32 -95.91
-145.44 -95.14
-143.90 -93.88
-141.68 -92.10
-138.77 -89.82
-135.15 -87.02
-130.82 -83.70
-125.74 -79.86
-119.95 -75.56
-113.47 -70.80
-106.32 -65.56
-98.49 -59.78
-89.97 -53.43
-80.77 -46.48
-70.91 -38.88
-60.44 -30.62
-49.52 -21.78
-38.15 -12.65
-26.28 -3.57
-14.18 5.03
-2.20 12.96
9.54 20.21
21.01 26.78
32.22 32.67
43.11 37.83
53.58 42.26
63.54 45.98
72.90 49.06
81.63 51.54
89.72 53.46
97.13 54.83
103.88 55.66
109.93 55.96
115.29 55.73
119.95 54.98
123.89 53.71
127.10 51.92
129.58 49.63
131.31 46.83
132.28 43.54
132.46 39.76
131.83 35.50
130.38 30.78
128.07 25.59
124.87 19.96
120.77 13.91
115.75 7.46
109.82 0.65
102.96 -6.52
95.14 -14.01
86.33 -21.81
76.56 -29.79
65.76 -37.75
53.81 -45.49
41.07 -52.66
27.92 -59.13
14.57 -64.89
1.12 -69.95
-12.28 -74.33
-25.48 -78.04
-38.36 -81.09
-50.84 -83.53
-62.88 -85.39
-74.26 -86.65
-84.85 -87.33
-94.65 -87.46
-103.67 -87.07
-111.89 -86.19
-119.30 -84.84
-125.87 -83.04
-131.57 -80.80
-136.40 -78.15
-140.32 -75.10
-143.30 -71.67
-145.33 -67.88
-146.38 -63.73
-146.42 -59.25
-145.42 -54.45
-143.37 -49.34
-140.24 -43.95
-136.02 -38.29
-130.70 -32.41
-124.24 -26.31
-116.65 -20.03
-107.90 -13.60
-97.96 -7.05
-86.82 -0.43
-74.55 6.17
-61.52 12.63
-47.92 18.81
-33.88 24.55
-19.64 29.78
-5.54 34.42
8.12 38.43
21.26 41.79
33.84 44.48
45.78 46.42
56.83 47.74
66.87 48.67
75.87 49.26
83.82 49.53
90.74 49.51
96.61 49.21
101.43 48.65
105.21 47.84
107.95 46.80
109.64 45.55
110.30 44.11
109.93 42.49
108.54 40.71
106.15 38.80
102.76 36.77
98.39 34.63
93.05 32.42
86.75 30.16
79.51 27.90
71.33 25.67
62.27 23.57
52.39 21.69
41.80 20.08
30.72 18.83
19.58 17.97
8.72 17.40
-1.71 17.09
-11.58 16.98
-20.81 17.05
-29.38 17.28
-37.32 17.65
-44.50 18.18
-50.87 18.82
-56.43 19.59
-61.23 20.44
-65.25 21.39
-68.52 22.40
-71.02 23.46
-72.77 24.56
-73.74 25.67
-73.94 26.78
-73.34 27.84
-71.96 28.84
-69.78 29.73
-66.82 30.47
-63.08 31.03
-58.62 31.36
-53.49 31.40
-47.77 31.11
-41.56 30.35
-35.06 28.89
-28.49 26.50
-22.18 23.23
-16.32 19.39
-10.93 15.14
-5.98 10.57
-1.44 5.79
2.66 0.88
6.33 -4.07
9.54 -8.98
12.30 -13.76
14.61 -18.33
16.48 -22.61
17.92 -26.57
18.92 -30.15
19.47 -33.34
19.52 -36.10
19.05 -38.40
17.99 -40.23
16.31 -41.58
13.95 -42.42
10.91 -42.70
7.18 -42.33
2.82 -41.25
-2.00 -39.40
-6.92 -36.83
-11.78 -33.74
-16.46 -30.28
-20.84 -26.67
-24.86 -23.05
-28.54 -19.51
-31.90 -16.10
-34.94 -12.87
-37.69 -9.84
-40.13 -7.04
-42.27 -4.46
-44.11 -2.13
-45.64 -0.05
-46.86 1.77
-47.76 3.31
-48.33 4.57
-48.55 5.51
-48.42 6.09
-47.93 6.27
-47.09 5.95
-45.95 5.07
-44.53 3.52
-42.88 1.23
-41.00 -1.85
-38.90 -5.75
-36.58 -10.50
-34.04 -16.12
-31.20 -22.57
-28.33 -29.56
-25.69 -36.84
-23.36 -44.19
-21.34 -51.44
-19.63 -58.45
-18.17 -65.12
-16.88 -71.28
-15.71 -76.78
-14.73 -81.54
-13.97 -85.49
-13.43 -88.59
-13.10 -90.79
-12.92 -92.09
-12.84 -92.46
-12.81 -91.88
-12.80 -90.32
-12.78 -87.80
-12.68 -84.31
-12.41 -79.89
-11.89 -74.64
-11.14 -68.61
-10.14 -61.80
-8.88 -54.23
-7.31 -45.93
-5.40 -36.97
-3.11 -27.49
-0.44 -17.66
2.64 -7.69
6.12 2.21
9.97 11.85
14.15 21.05
18.51 29.59
22.87 37.32
27.07 44.23
31.01 50.37
34.60 55.78
37.72 60.43
40.33 64.26
42.41 67.25
43.95 69.41
44.94 70.74
45.39 71.22
45.27 70.88
44.60 69.71
43.35 67.72
41.52 64.92
39.08 61.35
35.99 57.01
32.24 51.90
27.80 46.04
22.69 39.43
16.91 32.16
10.54 24.42
3.69 16.51
-3.46 8.69
-10.74 1.28
-17.99 -5.43
-25.00 -11.24
-31.67 -16.15
-37.95 -20.20
-43.80 -23.45
-49.19 -25.95
-54.09 -27.72
-58.50 -28.79
-62.39 -29.16
-65.75 -28.84
-68.58 -27.83
-70.86 -26.13
-72.56 -23.72
-73.66 -20.63
-74.11 -16.90
-73.86 -12.57
-72.90 -7.70
-71.20 -2.30
-68.75 3.60
-65.50 9.96
-61.47 16.70
-56.61 23.76
-50.89 31.13
-44.21 38.69
-36.64 46.10
-28.36 53.07
-19.46 59.48
-10.34 65.12
-1.46 69.90
7.12 73.86
15.35 76.98
23.19 79.22
30.57 80.54
37.41 80.93
43.58 80.39
49.00 78.98
53.61 76.77
57.39 73.80
60.32 70.11
62.39 65.71
63.55 60.62
63.80 54.85
63.10 48.43
61.40 41.38
58.65 33.72
54.79 25.50
49.70 16.82
43.38 7.84
35.90 -1.31
27.52 -10.44
18.62 -19.31
9.51 -27.73
0.44 -35.56
-8.44 -42.74
-17.02 -49.25
-25.24 -55.07
-33.02 -60.19
-40.20 -64.55
-46.77 -68.14
-52.71 -70.98
-58.04 -73.06
-62.75 -74.38
-66.80 -74.94
-70.17 -74.74
-72.80 -73.79
-74.65 -72.14
-75.70 -69.83
-75.95 -66.95
-75.43 -63.55
-74.20 -59.76
-72.24 -55.75
-69.54 -51.67
-66.22 -47.62
-62.50 -43.76
-58.51 -40.23
-54.52 -37.20
-50.78 -34.72
-47.33 -32.70
-44.20 -31.11
-41.43 -29.96
-39.12 -29.22
-37.33 -28.83
-36.01 -28.62
-35.07 -28.51
-34.45 -28.46
-34.12 -28.45
-34.10 -28.49
-34.41 -28.59
-35.09 -28.74
-36.14 -28.97
-37.55 -29.28
-39.27 -29.66
-41.28 -30.06
-43.53 -30.43
-45.97 -30.71
-48.54 -30.83
-51.15 -30.73
-53.64 -30.34
-55.82 -29.57
-57.66 -28.30
-59.15 -26.48
-60.38 -24.04
-61.23 -21.10
-61.52 -17.88
-61.24 -14.49
-60.41 -11.07
-59.10 -7.83
-57.53 -4.81
-55.69 -1.92
-53.53 0.85
-51.01 3.50
-48.12 6.04
-44.84 8.49
-41.18 10.86
-37.16 13.14
-32.77 15.35
-28.01 17.48
-22.87 19.51
-17.36 21.42
-11.46 23.17
-5.14 24.68
1.62 25.84
8.77 26.46
16.00 26.49
22.96 26.03
29.37 25.13
35.08 23.83
39.99 22.15
44.07 20.17
47.31 17.95
49.72 15.57
51.33 13.10
52.15 10.61
52.18 8.14
51.43 5.78
49.87 3.59
47.54 1.66
44.45 0.06
40.64 -1.18
36.10 -2.06
30.89 -2.63
25.07 -2.99
18.63 -3.24
11.55 -3.44
3.91 -3.65
-4.15 -3.82
-12.45 -3.86
-20.81 -3.67
-29.03 -3.22
-36.89 -2.58
-44.28 -1.83
-51.09 -1.01
-57.29 -0.15
-62.85 0.73
-67.75 1.61
-71.99 2.49
-75.58 3.35
-78.52 4.18
-80.82 4.95
-82.48 5.62
-83.46 6.17
-83.77 6.57
-83.35 6.81
-82.20 6.87
-80.28 6.74
-77.54 6.42
-73.96 5.89
-69.49 5.12
-64.11 4.10
-57.80 2.77
-50.59 1.12
-42.50 -0.88
-33.58 -3.19
-23.87 -5.78
-13.51 -8.56
-2.83 -11.38
7.95 -14.11
18.46 -16.69
28.33 -19.14
37.30 -21.46
45.25 -23.61
