20.00 20.00
19.85 19.79
19.46 19.25
18.85 18.37
17.99 17.15
16.88 15.58
15.50 13.64
13.83 11.33
11.82 8.60
9.41 5.45
6.53 1.78
3.30 -2.25
0.30 -5.79
-2.30 -8.56
-4.37 -10.39
-5.85 -11.40
-6.75 -11.71
-7.05 -11.30
-6.61 -10.18
-5.38 -8.48
-3.28 -6.37
-0.47 -3.96
3.07 -1.07
7.72 2.40
13.64 5.91
20.30 8.79
27.04 10.68
33.25 11.72
38.88 12.15
43.95 12.06
48.49 11.38
52.33 10.10
55.38 8.39
57.62 6.36
59.10 4.08
59.84 1.64
59.87 -0.92
59.22 -3.55
57.89 -6.18
55.87 -8.72
53.19 -11.09
49.89 -13.18
46.01 -14.92
41.55 -16.19
36.59 -16.82
31.35 -16.67
26.07 -15.74
20.99 -14.12
16.31 -11.96
12.13 -9.44
8.47 -6.72
5.31 -3.87
2.62 -0.97
0.35 1.94
-1.51 4.80
-2.95 7.56
-3.93 10.03
-4.40 12.07
-4.38 13.67
-3.83 14.81
-2.75 15.49
-1.13 15.68
1.10 15.34
3.98 14.52
7.54 13.27
11.77 11.56
16.62 9.38
21.99 6.72
27.43 3.74
32.34 0.65
36.78 -2.30
40.96 -5.00
44.92 -7.48
48.64 -9.68
52.11 -11.46
55.21 -12.74
57.77 -13.47
59.80 -13.64
61.21 -13.22
61.64 -12.35
61.18 -11.05
59.86 -9.29
57.68 -7.07
54.63 -4.41
50.71 -1.32
45.92 2.13
40.38 5.84
34.30 9.60
27.79 13.07
21.32 16.10
15.34 18.50
9.77 20.31
4.55 21.58
-0.32 22.40
-4.84 22.87
-8.94 23.09
-12.56 23.11
-15.62 22.95
-18.10 22.63
-19.93 22.17
-21.05 21.57
-21.41 20.81
-20.92 19.86
-19.53 18.66
-17.20 17.14
-13.93 15.23
-9.81 12.84
-4.91 10.03
0.82 6.89
7.49 3.51
15.10 0.02
23.46 -3.51
32.10 -7.10
40.35 -10.60
47.75 -13.91
54.22 -17.01
59.79 -19.93
64.48 -22.69
68.30 -25.33
71.27 -27.84
73.41 -30.25
74.71 -32.57
75.18 -34.78
74.82 -36.88
73.63 -38.88
71.61 -40.76
68.75 -42.50
65.08 -44.08
60.58 -45.46
55.25 -46.60
49.09 -47.44
42.09 -47.90
34.24 -47.89
25.54 -47.32
16.05 -46.06
5.83 -44.01
-4.94 -40.94
-15.79 -36.73
-26.33 -31.45
-36.20 -25.19
-44.99 -18.31
-52.72 -11.12
-59.39 -3.69
-64.98 3.89
-69.48 11.55
-72.82 19.15
-75.01 26.50
-76.12 33.41
-76.27 39.76
-75.53 45.43
-73.98 50.36
-71.67 54.49
-68.67 57.77
-65.02 60.16
-60.76 61.63
-55.96 62.14
-50.62 61.59
-44.83 59.95
-38.72 57.28
-32.35 53.72
-25.71 49.32
-18.77 44.16
-11.52 38.31
-3.96 31.86
3.79 24.95
11.39 17.89
18.25 11.22
24.26 5.17
29.48 -0.05
34.20 -4.41
38.62 -8.04
42.82 -11.07
46.89 -13.57
50.91 -15.61
54.91 -17.23
58.86 -18.43
62.74 -19.22
66.50 -19.63
70.11 -19.69
73.53 -19.43
76.72 -18.86
79.63 -18.03
82.20 -16.95
84.36 -15.63
86.05 -14.10
87.21 -12.36
87.80 -10.39
87.77 -8.25
86.94 -6.05
85.32 -3.86
82.97 -1.76
79.88 0.14
76.09 1.78
71.71 3.14
66.93 4.16
61.93 4.87
56.83 5.28
51.72 5.41
46.66 5.31
41.70 4.97
36.83 4.43
32.03 3.62
27.28 2.47
22.73 0.97
18.53 -0.89
14.77 -3.03
11.36 -5.36
8.50 -7.84
6.27 -10.45
4.66 -13.12
3.66 -15.78
3.25 -18.40
3.39 -20.92
4.06 -23.30
5.26 -25.49
6.96 -27.45
9.16 -29.12
11.85 -30.44
15.02 -31.35
18.64 -31.75
22.63 -31.56
26.84 -30.70
31.12 -29.17
35.17 -26.94
38.79 -24.09
41.91 -20.77
44.32 -17.19
45.92 -13.48
46.73 -9.76
46.74 -6.13
46.00 -2.63
44.52 0.66
42.33 3.69
39.46 6.39
35.95 8.70
31.85 10.59
27.21 12.05
22.02 13.07
16.33 13.60
10.19 13.63
3.66 13.06
-3.27 12.02
-10.54 10.65
-18.18 8.92
-26.24 6.77
-34.61 4.01
-42.67 0.73
-50.01 -2.55
-56.61 -5.55
-62.32 -8.15
-67.12 -10.28
-71.05 -11.90
-74.17 -12.99
-76.52 -13.55
-78.15 -13.58
-79.09 -13.08
-79.36 -12.04
-78.99 -10.47
-78.03 -8.40
-76.52 -5.84
-74.45 -2.82
-71.78 0.69
-68.44 4.68
-64.38 9.12
-59.57 13.98
-54.04 19.21
-47.89 24.78
-41.12 30.67
-33.75 36.87
-25.83 43.43
-17.79 50.04
-9.95 56.28
-2.38 61.88
4.78 66.74
11.45 70.82
17.59 74.14
23.16 76.68
28.14 78.45
32.49 79.40
36.19 79.54
39.26 78.86
41.69 77.35
43.52 75.03
44.74 71.90
45.38 67.98
45.47 63.27
45.10 57.80
44.37 51.62
43.33 44.80
41.96 37.33
40.25 29.23
38.13 20.52
35.57 11.32
32.53 1.71
29.27 -7.97
26.16 -17.14
23.07 -25.62
19.97 -33.36
16.90 -40.28
13.95 -46.28
11.17 -51.35
8.61 -55.45
6.32 -58.58
4.37 -60.74
2.87 -61.93
1.88 -62.21
1.47 -61.64
1.68 -60.26
2.52 -58.15
4.00 -55.32
6.11 -51.80
8.83 -47.64
12.19 -42.99
16.30 -37.99
21.30 -32.79
27.08 -27.77
33.30 -23.31
39.64 -19.49
45.93 -16.23
52.05 -13.47
57.87 -11.16
63.18 -9.34
67.91 -8.06
72.03 -7.34
75.54 -7.18
78.41 -7.57
80.61 -8.46
82.13 -9.83
82.99 -11.65
83.20 -13.82
82.80 -16.26
81.76 -18.87
80.06 -21.59
77.68 -24.35
74.59 -27.10
70.76 -29.75
66.17 -32.25
60.82 -34.52
54.69 -36.51
47.80 -38.21
40.14 -39.61
31.83 -40.67
22.99 -41.44
13.65 -41.98
3.92 -42.24
-6.01 -42.13
-15.95 -41.51
-25.69 -40.27
-34.98 -38.39
-43.61 -35.85
-51.38 -32.68
-58.08 -29.07
-63.69 -25.23
-68.24 -21.29
-71.76 -17.35
-74.31 -13.47
-75.93 -9.73
-76.69 -6.14
-76.63 -2.74
-75.82 0.47
-74.30 3.47
-72.12 6.24
-69.36 8.75
-66.09 11.01
-62.40 13.03
-58.33 14.82
-53.94 16.39
-49.27 17.76
-44.40 18.95
-39.35 19.99
-34.17 20.92
-28.91 21.80
-23.73 22.74
-18.80 23.71
-14.16 24.87
-9.89 26.36
-6.06 28.13
-2.64 30.21
0.49 32.70
3.51 35.60
6.54 38.79
9.59 42.15
12.53 45.66
15.21 49.23
17.65 52.83
19.92 56.44
22.15 60.08
24.43 63.71
26.83 67.29
29.31 70.75
31.84 74.00
34.43 76.89
37.15 79.28
40.04 81.15
43.09 82.48
46.23 83.26
49.40 83.47
52.53 83.10
55.56 82.13
58.42 80.54
61.04 78.31
63.36 75.44
65.34 71.92
66.88 67.71
67.84 62.86
68.14 57.49
67.82 51.63
66.87 45.26
65.22 38.35
62.78 30.95
59.45 23.21
55.10 15.23
49.55 7.22
42.88 -0.54
35.24 -7.89
26.78 -14.68
17.68 -20.86
8.22 -26.51
-1.10 -31.47
-10.01 -35.60
-18.35 -38.96
-26.03 -41.66
-33.05 -43.77
-39.41 -45.35
-45.08 -46.42
-50.06 -46.96
-54.38 -46.97
-58.08 -46.47
-61.17 -45.53
-63.60 -44.22
-65.36 -42.61
-66.43 -40.77
-66.82 -38.78
-66.51 -36.75
-65.50 -34.77
-63.79 -32.94
-61.35 -31.34
-58.14 -30.04
-54.05 -29.12
-48.99 -28.75
-43.25 -29.17
-37.25 -30.23
-31.20 -31.70
-25.25 -33.42
-19.54 -35.23
-14.07 -37.00
-8.84 -38.66
-3.84 -40.13
0.92 -41.37
5.44 -42.31
9.69 -42.90
13.65 -43.10
17.30 -42.84
20.58 -42.08
23.36 -40.83
25.54 -39.03
27.06 -36.59
27.88 -33.49
27.92 -29.72
27.17 -25.34
25.62 -20.38
23.31 -14.96
20.26 -9.25
16.63 -3.43
12.70 2.32
8.74 7.85
4.92 13.04
1.35 17.80
-1.95 22.06
-4.95 25.77
-7.60 28.87
-9.90 31.33
-11.81 33.12
-13.33 34.23
-14.45 34.64
-15.14 34.33
-15.46 33.26
-15.48 31.41
-15.25 28.81
-14.78 25.45
-14.07 21.35
-13.11 16.56
-11.85 11.18
-10.29 5.34
-8.39 -0.81
-6.10 -7.08
-3.37 -13.30
-0.18 -19.28
3.46 -24.80
7.38 -29.58
11.37 -33.45
15.20 -36.26
18.58 -38.01
21.34 -38.72
23.42 -38.43
24.80 -37.19
25.51 -35.08
25.60 -32.16
25.12 -28.51
24.09 -24.19
22.60 -19.45
20.78 -14.56
18.73 -9.69
16.46 -4.93
13.96 -0.34
11.24 4.00
8.27 7.97
4.98 11.38
1.30 14.15
-2.71 16.21
-6.98 17.45
-11.29 17.72
-15.45 16.99
-19.35 15.38
-22.96 13.10
-26.22 10.31
-29.08 7.20
-31.49 3.95
-33.41 0.73
-34.84 -2.33
-35.77 -5.10
-36.16 -7.52
-35.95 -9.50
-35.07 -10.94
-33.46 -11.82
-31.12 -12.10
-28.02 -11.75
-24.21 -10.69
-19.83 -8.83
-14.99 -6.24
-9.72 -2.93
-4.24 1.12
0.89 5.63
5.93 10.36
10.99 15.26
16.10 20.33
21.08 25.47
25.83 30.52
30.29 35.39
34.36 40.02
37.88 44.33
40.68 48.14
42.71 51.30
43.91 53.82
44.26 55.74
43.76 57.02
42.41 57.71
40.23 57.89
37.33 57.75
33.88 57.57
29.94 57.35
25.52 56.92
20.90 56.26
16.20 55.39
11.43 54.27
6.55 52.86
1.52 51.13
-3.73 49.07
-9.25 46.69
-15.05 43.95
-21.04 40.83
-27.21 37.35
-33.61 33.59
-40.13 29.73
-46.47 25.82
-52.44 21.60
-57.98 17.19
-62.90 12.76
-67.13 8.39
-70.61 4.09
-73.30 -0.14
-75.18 -4.33
-76.24 -8.54
-76.52 -12.76
-76.10 -16.94
-74.98 -20.98
-73.19 -24.78
-70.76 -28.25
-67.73 -31.33
-64.10 -33.98
-59.88 -36.11
-55.01 -37.64
-49.47 -38.48
-43.25 -38.57
-36.32 -37.80
-28.65 -36.09
-20.21 -33.46
-11.12 -30.13
-1.80 -26.35
7.37 -22.45
16.30 -18.77
24.80 -15.44
32.71 -12.52
39.98 -10.02
46.61 -7.97
52.54 -6.41
57.73 -5.38
62.14 -4.90
65.74 -4.96
68.51 -5.56
70.46 -6.68
71.57 -8.32
71.81 -10.49
71.11 -13.21
69.37 -16.44
66.56 -20.07
62.77 -23.91
58.13 -27.89
52.73 -31.97
46.63 -36.11
39.94 -40.21
32.74 -44.14
25.18 -47.73
17.74 -50.88
10.62 -53.48
3.94 -55.59
-2.18 -57.12
-7.74 -58.02
-12.78 -58.29
-17.25 -57.95
-21.11 -57.02
-24.26 -55.62
-26.67 -53.86
-28.36 -51.88
-29.44 -49.75
-29.99 -47.53
-30.06 -45.22
-29.69 -42.85
-28.90 -40.45
-27.69 -38.03
-26.02 -35.64
-23.86 -33.25
-21.19 -30.81
-18.04 -28.31
-14.47 -25.75
-10.63 -23.18
-6.79 -20.68
-3.28 -18.24
-0.20 -15.90
2.32 -13.51
4.21 -11.03
5.65 -8.62
6.72 -6.35
7.36 -4.24
7.61 -2.21
7.48 -0.23
7.00 1.73
6.20 3.70
5.10 5.69
3.73 7.68
2.12 9.62
0.24 11.46
-1.93 13.20
-4.48 14.79
-7.45 16.20
-10.88 17.47
-14.74 18.69
-18.89 19.84
-23.31 20.75
-27.92 21.14
-32.38 21.12
-36.34 20.89
-39.55 20.47
-41.97 19.87
-43.64 19.14
-44.63 18.29
-44.99 17.34
-44.76 16.35
-43.98 15.34
-42.68 14.37
-40.91 13.47
-38.70 12.69
-36.09 12.08
-33.12 11.66
-29.88 11.42
-26.46 11.32
-22.86 11.31
-19.05 11.41
-15.02 11.63
-10.75 11.99
-6.19 12.50
-1.31 13.19
3.95 14.09
9.64 15.26
15.74 16.72
22.18 18.47
28.78 20.52
35.21 22.93
41.15 25.63
46.42 28.47
51.05 31.30
55.06 34.05
58.42 36.65
61.08 39.08
63.02 41.31
64.19 43.36
64.58 45.20
64.18 46.84
63.00 48.26
61.05 49.45
58.39 50.39
55.03 51.07
50.98 51.46
46.22 51.50
40.76 51.15
34.60 50.45
27.73 49.35
20.24 47.73
12.21 45.53
3.68 42.74
-5.33 39.34
-14.76 35.28
-24.53 30.58
-34.45 25.25
-44.26 19.38
-53.70 13.12
-62.54 6.64
-70.56 0.08
-77.62 -6.43
-83.59 -12.81
-88.39 -19.01
-91.98 -24.96
-94.40 -30.55
-95.70 -35.71
-95.94 -40.41
-95.15 -44.61
-93.35 -48.28
-90.57 -51.39
-86.86 -53.91
-82.25 -55.80
-76.80 -57.03
-70.56 -57.59
-63.59 -57.46
-56.00 -56.62
-47.90 -55.14
-39.39 -53.10
-30.53 -50.55
-21.38 -47.50
-12.04 -43.90
-2.74 -39.71
6.28 -35.01
14.77 -29.96
22.44 -24.79
29.13 -19.73
34.85 -14.89
39.66 -10.31
43.61 -6.01
46.75 -2.01
49.11 1.68
50.74 5.05
51.67 8.08
51.92 10.77
51.50 13.10
50.45 15.06
48.78 16.62
46.51 17.78
43.65 18.49
40.24 18.76
36.28 18.54
31.81 17.82
26.85 16.57
21.42 14.78
15.55 12.43
9.25 9.49
2.55 5.95
-4.54 1.80
-11.98 -2.96
-19.74 -8.34
-27.71 -14.36
-35.77 -21.03
-43.68 -28.27
-51.05 -35.72
-57.53 -43.15
-63.00 -50.42
-67.45 -57.35
-70.97 -63.83
-73.60 -69.81
-75.37 -75.24
-76.33 -80.11
-76.54 -84.37
-76.04 -88.04
-74.90 -91.11
-73.16 -93.57
-70.86 -95.45
-68.03 -96.73
-64.70 -97.41
-60.89 -97.49
-56.63 -96.95
-51.94 -95.79
-46.85 -94.00
-41.38 -91.55
-35.54 -88.42
-29.37 -84.60
-22.89 -80.06
-16.11 -74.78
-9.07 -68.73
-1.77 -61.88
5.75 -54.26
13.43 -45.88
21.17 -36.78
28.85 -26.99
36.13 -16.71
42.71 -5.99
48.39 5.00
53.12 16.01
56.98 26.89
60.00 37.51
62.22 47.82
63.66 57.73
64.36 67.18
64.34 76.09
63.65 84.39
62.34 92.05
60.46 99.02
58.06 105.29
55.18 110.85
51.88 115.68
48.19 119.80
44.17 123.20
39.87 125.89
35.37 127.86
30.72 129.00
25.78 129.22
20.54 128.57
15.04 127.08
9.30 124.73
3.35 121.51
-2.79 117.42
-9.07 112.41
-15.45 106.47
-21.90 99.57
-28.34 91.67
-34.69 82.78
-40.82 72.93
-46.57 62.18
-51.77 50.72
-56.31 38.79
-60.14 26.65
-63.30 14.50
-65.83 2.53
-67.76 -9.06
-69.09 -20.17
-69.87 -30.75
-70.12 -40.77
-69.89 -50.20
-69.19 -59.04
-68.04 -67.26
-66.48 -74.85
-64.53 -81.79
-62.20 -88.07
-59.52 -93.68
-56.53 -98.60
-53.23 -102.80
-49.67 -106.28
-45.88 -109.02
-41.88 -110.99
-37.72 -112.19
-33.44 -112.59
-29.08 -112.18
-24.69 -110.96
-20.29 -108.90
-15.93 -105.98
-11.64 -102.19
-7.47 -97.50
-3.43 -91.87
0.44 -85.32
4.12 -77.97
7.57 -69.83
10.80 -60.87
13.77 -51.07
16.47 -40.50
18.90 -29.27
21.00 -17.60
22.68 -5.82
23.89 5.76
24.63 16.90
24.92 27.47
24.79 37.37
24.26 46.56
23.39 55.01
22.22 62.72
20.77 69.68
19.08 75.90
17.18 81.39
15.10 86.14
12.86 90.15
10.49 93.41
7.99 95.91
5.40 97.63
2.72 98.56
-0.03 98.68
-2.84 98.00
-5.69 96.48
-8.58 94.14
-11.49 90.97
-14.41 86.97
-17.35 82.13
-20.30 76.46
-23.26 69.99
-26.24 62.73
-29.24 54.70
-32.26 45.94
-35.32 36.47
-38.42 26.33
-41.58 15.59
-44.80 4.30
-48.08 -7.45
-51.40 -19.54
-54.73 -31.82
-57.99 -44.08
-61.15 -56.09
-64.14 -67.61
-66.90 -78.47
-69.40 -88.49
-71.62 -97.60
-73.55 -105.78
-75.21 -113.04
-76.63 -119.39
-77.84 -124.86
-78.86 -129.45
-79.70 -133.18
-80.38 -136.05
-80.90 -138.07
-81.28 -139.26
-81.51 -139.63
-81.59 -139.21
-81.52 -137.99
-81.30 -136.02
-80.92 -133.31
-80.37 -129.88
-79.65 -125.77
-78.75 -121.00
-77.64 -115.59
-76.34 -109.58
-74.81 -103.00
-73.06 -95.86
-71.08 -88.19
-68.84 -80.04
-66.34 -71.41
-63.56 -62.34
-60.49 -52.86
-57.12 -42.99
-53.41 -32.77
-49.34 -22.24
-44.91 -11.45
-40.09 -0.47
-34.89 10.60
-29.34 21.63
-23.47 32.41
-17.31 42.68
-10.91 52.16
-4.36 60.65
2.22 68.03
8.72 74.27
15.08 79.42
21.28 83.53
27.32 86.65
33.20 88.87
38.90 90.26
44.39 90.90
49.63 90.86
54.60 90.20
59.26 88.99
63.59 87.27
67.57 85.07
71.18 82.45
74.43 79.42
77.30 76.00
79.78 72.23
81.87 68.11
83.56 63.66
84.83 58.91
85.70 53.86
86.14 48.54
86.15 42.96
85.72 37.14
84.84 31.12
83.52 24.90
81.73 18.54
79.46 12.07
76.70 5.55
73.43 -0.99
69.63 -7.48
65.26 -13.88
60.30 -20.12
54.70 -26.15
48.40 -31.90
41.35 -37.27
33.51 -42.11
24.88 -46.22
15.62 -49.41
5.90 -51.64
-4.01 -52.98
-13.90 -53.49
-23.67 -53.29
-33.21 -52.50
-42.48 -51.23
-51.41 -49.57
-59.93 -47.59
-67.98 -45.33
-75.53 -42.83
