-75.00 -75.00
-74.48 -74.47
-73.53 -73.49
-72.13 -72.05
-70.29 -70.16
-68.00 -67.80
-65.26 -64.97
-62.05 -61.67
-58.38 -57.90
-54.22 -53.65
-49.57 -48.90
-44.40 -43.65
-38.70 -37.89
-32.44 -31.60
-25.57 -24.76
-18.04 -17.36
-9.77 -9.39
-0.72 -1.00
9.22 7.72
19.49 15.98
29.52 23.37
39.14 29.73
48.11 34.97
56.29 39.15
63.63 42.36
70.11 44.69
75.74 46.22
80.55 47.03
84.61 47.18
87.96 46.73
90.64 45.71
92.68 44.18
94.12 42.16
94.97 39.69
95.23 36.80
94.93 33.52
94.06 29.87
92.63 25.88
90.64 21.57
88.09 16.98
84.97 12.13
81.27 7.05
76.98 1.80
72.09 -3.55
66.58 -8.92
60.43 -14.16
53.65 -19.10
46.32 -23.51
38.64 -27.25
30.78 -30.26
22.88 -32.57
15.06 -34.20
7.38 -35.19
-0.11 -35.57
-7.36 -35.34
-14.32 -34.55
-20.94 -33.19
-27.18 -31.31
-32.98 -28.91
-38.28 -26.05
-43.01 -22.75
-47.11 -19.08
-50.53 -15.11
-53.22 -10.88
-55.15 -6.43
-56.26 -1.79
-56.46 3.00
-55.70 7.87
-53.92 12.75
-51.07 17.57
-47.14 22.26
-42.08 26.79
-35.87 31.13
-28.52 35.25
-20.13 38.90
-10.89 41.77
-0.98 43.73
9.38 44.70
19.94 44.66
30.50 43.68
40.90 41.82
50.98 39.17
60.60 35.82
69.63 31.87
77.98 27.40
85.63 22.51
92.54 17.27
98.72 11.75
104.17 6.01
108.89 0.14
112.87 -5.74
116.09 -11.49
118.57 -17.03
120.35 -22.30
121.44 -27.26
121.84 -31.90
121.56 -36.21
120.59 -40.17
118.93 -43.77
116.56 -46.98
113.49 -49.80
109.72 -52.20
105.23 -54.16
100.02 -55.64
94.10 -56.61
87.46 -57.00
80.11 -56.73
72.08 -55.71
63.38 -53.81
54.09 -50.88
44.33 -46.82
34.30 -41.59
24.20 -35.20
14.25 -27.71
4.67 -19.36
-4.44 -10.55
-12.98 -1.71
-20.95 6.95
-28.38 15.29
-35.33 23.22
-41.84 30.71
-47.95 37.72
-53.71 44.22
-59.14 50.19
-64.24 55.60
-69.02 60.42
-73.46 64.59
-77.50 68.10
-81.05 70.92
-84.06 73.05
-86.47 74.51
-88.27 75.32
-89.46 75.48
-90.02 75.00
-89.96 73.90
-89.27 72.16
-87.96 69.80
-86.03 66.81
-83.47 63.19
-80.27 58.93
-76.42 54.02
-71.91 48.46
-66.72 42.21
-60.83 35.23
-54.20 27.48
-46.85 18.92
-39.17 10.02
-31.50 1.14
-23.89 -7.64
-16.34 -16.12
-8.77 -24.20
-1.17 -31.72
6.44 -38.55
13.91 -44.53
21.07 -49.59
27.87 -53.79
34.31 -57.13
40.39 -59.64
46.08 -61.32
51.34 -62.16
56.12 -62.18
60.38 -61.39
64.05 -59.81
67.08 -57.46
69.41 -54.34
70.98 -50.46
71.83 -45.83
72.21 -40.58
72.30 -34.86
72.08 -28.74
71.52 -22.27
70.59 -15.51
69.28 -8.53
67.58 -1.44
65.53 5.63
63.19 12.54
60.62 19.16
57.85 25.38
54.93 31.13
51.88 36.33
48.71 40.93
45.46 44.84
42.11 48.01
38.66 50.31
35.10 51.55
31.49 51.66
27.91 50.79
24.43 49.02
21.09 46.43
17.94 43.10
15.00 39.10
12.28 34.51
9.79 29.41
7.51 23.87
5.47 17.98
3.67 11.79
2.14 5.35
0.93 -1.30
0.13 -8.13
-0.15 -15.04
0.16 -21.87
1.05 -28.47
2.52 -34.72
4.50 -40.49
6.95 -45.71
9.82 -50.30
13.05 -54.20
16.63 -57.33
20.51 -59.64
24.65 -61.09
28.99 -61.68
33.50 -61.43
38.15 -60.36
42.90 -58.50
47.72 -55.90
52.55 -52.61
57.31 -48.72
61.93 -44.33
66.33 -39.56
70.42 -34.51
74.12 -29.27
77.33 -23.90
79.99 -18.40
82.08 -12.82
83.60 -7.17
84.54 -1.50
84.95 4.15
84.92 9.66
84.50 14.90
83.64 19.84
82.30 24.40
80.42 28.53
77.95 32.16
74.81 35.21
70.91 37.62
66.22 39.36
60.71 40.40
54.38 40.69
47.20 40.19
39.21 38.81
30.52 36.49
21.36 33.34
11.79 29.57
1.82 25.31
-8.50 20.70
-19.06 15.85
-29.78 10.87
-40.54 5.86
-51.19 0.92
-61.57 -3.84
-71.55 -8.33
-81.07 -12.49
-90.08 -16.27
-98.52 -19.64
-106.38 -22.54
-113.61 -24.98
-120.18 -26.93
-126.04 -28.39
-131.15 -29.36
-135.47 -29.86
-138.97 -29.90
-141.61 -29.55
-143.43 -28.87
-144.48 -27.88
-144.76 -26.53
-144.26 -24.81
-142.96 -22.71
-140.83 -20.20
-137.83 -17.29
-133.93 -13.98
-129.10 -10.26
-123.32 -6.17
-116.56 -1.73
-108.80 3.04
-99.99 8.09
-90.10 13.32
-79.15 18.60
-67.25 23.82
-54.49 28.98
-40.88 34.09
-26.49 39.08
-11.67 43.80
3.19 47.97
17.80 51.47
32.04 54.30
45.85 56.48
59.19 58.04
71.97 58.93
84.15 59.15
95.71 58.70
106.54 57.58
116.51 55.83
125.57 53.51
133.65 50.63
140.69 47.24
146.63 43.38
151.47 39.11
155.21 34.49
157.87 29.56
159.45 24.37
159.97 18.95
159.44 13.35
157.85 7.57
155.20 1.67
151.47 -4.33
146.66 -10.38
140.73 -16.43
133.66 -22.41
125.46 -28.23
116.14 -33.81
105.74 -39.05
94.32 -43.86
81.98 -48.16
68.84 -51.86
55.07 -54.87
40.87 -57.09
26.50 -58.40
12.33 -58.92
-1.48 -58.78
-14.77 -58.03
-27.37 -56.88
-39.26 -55.46
-50.45 -53.86
-60.96 -52.11
-70.78 -50.26
-79.94 -48.33
-88.43 -46.37
-96.25 -44.41
-103.36 -42.48
-109.74 -40.63
-115.33 -38.85
-120.10 -37.17
-124.01 -35.58
-127.04 -34.06
-129.17 -32.60
-130.39 -31.18
-130.70 -29.79
-130.07 -28.42
-128.51 -27.06
-126.00 -25.71
-122.51 -24.35
-118.02 -22.99
-112.51 -21.63
-105.94 -20.27
-98.24 -18.91
-89.38 -17.58
-79.27 -16.29
-67.87 -15.12
-55.22 -14.17
-41.53 -13.50
-27.01 -13.14
-12.07 -12.98
2.84 -12.83
17.48 -12.59
31.75 -12.15
45.53 -11.43
58.72 -10.42
71.20 -9.22
82.95 -7.87
93.96 -6.37
104.21 -4.70
113.68 -2.84
122.33 -0.78
130.12 1.45
137.04 3.83
143.06 6.35
148.17 8.97
152.35 11.67
155.61 14.42
157.93 17.20
159.32 19.99
159.78 22.78
159.31 25.54
157.90 28.27
155.56 30.95
152.29 33.56
148.09 36.11
142.95 38.58
136.87 40.95
129.84 43.23
121.85 45.41
112.89 47.46
102.96 49.39
92.03 51.16
80.14 52.73
67.37 54.10
53.87 55.29
39.81 56.37
25.44 57.40
11.00 58.35
-3.30 59.17
-17.35 59.80
-31.08 60.16
-44.44 60.16
-57.41 59.77
-69.97 58.92
-82.07 57.58
-93.65 55.72
-104.63 53.35
-114.93 50.51
-124.49 47.22
-133.25 43.57
-141.18 39.61
-148.26 35.42
-154.50 31.05
-159.89 26.54
-164.43 21.93
-168.11 17.26
-170.93 12.56
-172.90 7.86
-173.99 3.20
-174.21 -1.42
-173.57 -5.97
-172.05 -10.43
-169.66 -14.79
-166.39 -19.02
-162.26 -23.12
-157.25 -27.07
-151.37 -30.85
-144.62 -34.45
-137.00 -37.86
-128.50 -41.05
-119.13 -44.00
-108.89 -46.69
-97.79 -49.10
-85.85 -51.19
-73.13 -52.89
-59.70 -54.16
-45.71 -54.90
-31.38 -55.07
-16.92 -54.58
-2.65 -53.36
11.17 -51.44
24.38 -48.95
36.97 -46.00
48.92 -42.65
60.19 -38.99
70.82 -35.09
80.84 -30.98
90.28 -26.68
99.15 -22.19
107.46 -17.50
115.17 -12.64
122.26 -7.62
128.70 -2.48
134.45 2.73
139.49 7.94
143.81 13.10
147.42 18.16
150.32 23.09
152.51 27.85
154.00 32.42
154.79 36.77
154.90 40.89
154.33 44.74
153.08 48.33
151.16 51.61
148.58 54.58
145.34 57.22
141.44 59.51
136.89 61.43
131.69 62.97
125.85 64.10
119.37 64.80
112.27 65.04
104.53 64.82
96.18 64.08
87.22 62.81
77.66 60.96
67.53 58.48
56.86 55.32
45.73 51.42
34.27 46.70
22.67 41.12
11.11 34.73
-0.32 27.66
-11.60 20.06
-22.65 12.03
-33.37 3.73
-43.67 -4.74
-53.51 -13.27
-62.85 -21.80
-71.70 -30.28
-80.03 -38.66
-87.83 -46.90
-95.05 -54.95
-101.67 -62.77
-107.66 -70.29
-113.00 -77.47
-117.67 -84.24
-121.68 -90.58
-125.00 -96.44
-127.63 -101.80
-129.57 -106.62
-130.83 -110.89
-131.40 -114.60
-131.28 -117.72
-130.48 -120.24
-129.00 -122.15
-126.83 -123.43
-123.99 -124.07
-120.46 -124.06
-116.26 -123.39
-111.39 -122.03
-105.85 -119.97
-99.66 -117.18
-92.82 -113.64
-85.36 -109.32
-77.30 -104.17
-68.68 -98.16
-59.55 -91.25
-49.96 -83.40
-39.99 -74.62
-29.71 -64.89
-19.22 -54.25
-8.61 -42.75
1.99 -30.49
12.46 -17.67
22.67 -4.50
32.54 8.82
41.99 22.10
50.99 35.19
59.49 47.99
67.51 60.42
75.05 72.42
82.13 83.90
88.76 94.77
94.87 104.95
100.43 114.44
105.41 123.23
109.79 131.32
113.58 138.70
116.76 145.38
119.32 151.34
121.26 156.58
122.57 161.08
123.26 164.85
123.32 167.89
122.75 170.17
121.56 171.71
119.75 172.49
117.33 172.50
114.29 171.73
110.66 170.18
106.45 167.82
101.65 164.65
96.27 160.68
90.33 155.88
83.81 150.25
76.74 143.79
69.12 136.47
60.95 128.30
52.27 119.26
43.10 109.37
33.50 98.63
23.50 87.10
13.16 74.83
2.51 61.92
-8.40 48.47
-19.51 34.67
-30.67 20.79
-41.70 7.24
-52.38 -5.70
-62.61 -17.86
-72.29 -29.19
-81.37 -39.70
-89.81 -49.43
-97.60 -58.45
-104.74 -66.81
-111.23 -74.54
-117.07 -81.67
-122.27 -88.20
-126.79 -94.05
-130.58 -99.17
-133.64 -103.59
-136.00 -107.35
-137.67 -110.47
-138.68 -112.99
-139.05 -114.91
-138.77 -116.26
-137.87 -117.06
-136.34 -117.31
-134.19 -117.04
-131.42 -116.24
-128.03 -114.93
-124.02 -113.13
-119.40 -110.83
-114.16 -108.05
-108.31 -104.79
-101.85 -101.08
-94.78 -96.91
-87.11 -92.29
-78.84 -87.24
-69.98 -81.77
-60.56 -75.88
-50.60 -69.59
-40.17 -62.92
-29.32 -55.91
-18.11 -48.60
-6.59 -41.04
5.16 -33.33
16.87 -25.62
28.28 -18.14
39.31 -11.13
49.94 -4.72
60.16 0.95
69.82 5.91
78.87 10.28
87.31 14.13
95.15 17.52
102.39 20.48
108.99 23.01
114.94 25.15
120.24 26.92
124.89 28.34
128.89 29.44
132.25 30.24
134.98 30.76
137.08 31.00
138.55 30.98
139.40 30.72
139.63 30.22
139.25 29.50
138.25 28.56
136.64 27.40
134.42 26.05
131.59 24.50
128.15 22.77
124.09 20.85
119.42 18.75
114.13 16.48
108.21 14.04
101.67 11.44
94.50 8.68
86.68 5.77
78.21 2.73
69.08 -0.45
59.29 -3.71
48.88 -7.01
37.89 -10.29
26.33 -13.51
14.19 -16.66
1.48 -19.63
-11.64 -22.37
-25.00 -24.87
-38.41 -27.01
-51.80 -28.66
-64.98 -29.75
-77.69 -30.34
-89.76 -30.51
-101.07 -30.33
-111.59 -29.86
-121.28 -29.15
-130.16 -28.23
-138.22 -27.13
-145.47 -25.87
-151.93 -24.46
-157.61 -22.92
-162.50 -21.25
-166.63 -19.48
-169.99 -17.60
-172.60 -15.62
-174.46 -13.57
-175.58 -11.44
-175.96 -9.25
-175.59 -7.01
-174.50 -4.73
-172.67 -2.41
-170.11 -0.08
-166.82 2.27
-162.80 4.61
-158.04 6.95
-152.56 9.26
-146.34 11.55
-139.38 13.80
-131.68 16.00
-123.23 18.12
-114.02 20.15
-104.06 22.05
-93.38 23.80
-81.99 25.38
-69.92 26.77
-57.18 27.94
-43.78 28.87
-29.75 29.59
-15.07 30.10
0.24 30.44
16.11 30.62
32.21 30.72
48.04 30.76
63.31 30.72
77.84 30.65
91.56 30.55
104.44 30.44
116.46 30.32
127.62 30.19
137.92 30.06
147.37 29.93
155.96 29.79
163.72 29.66
170.63 29.53
176.70 29.41
181.94 29.30
186.34 29.20
189.90 29.11
192.62 29.03
194.49 28.95
195.51 28.88
195.67 28.80
194.96 28.71
193.38 28.59
190.91 28.45
187.56 28.26
183.30 28.01
178.13 27.70
172.03 27.31
165.00 26.82
157.01 26.24
148.04 25.53
138.09 24.71
127.12 23.75
115.11 22.66
102.03 21.45
87.87 20.11
72.61 18.66
56.26 17.11
38.89 15.40
20.60 13.47
1.60 11.23
-17.82 8.62
-37.31 5.61
-56.50 2.19
-75.08 -1.64
-92.84 -5.79
-109.70 -10.22
-125.61 -14.90
-140.54 -19.76
-154.48 -24.75
-167.45 -29.83
-179.45 -34.95
-190.50 -40.07
-200.62 -45.15
-209.82 -50.18
-218.13 -55.13
-225.57 -59.97
-232.13 -64.71
-237.85 -69.31
-242.72 -73.76
-246.76 -78.07
-249.98 -82.21
-252.37 -86.18
-253.96 -89.97
-254.73 -93.56
-254.69 -96.95
-253.85 -100.13
-252.20 -103.09
-249.75 -105.81
-246.49 -108.29
-242.42 -110.51
-237.54 -112.46
-231.85 -114.14
-225.35 -115.51
-218.03 -116.58
-209.90 -117.32
-200.94 -117.71
-191.17 -117.75
-180.57 -117.40
-169.17 -116.64
-156.94 -115.44
-143.92 -113.77
-130.11 -111.59
-115.53 -108.86
-100.22 -105.54
-84.22 -101.58
-67.59 -96.93
-50.44 -91.54
-32.91 -85.37
-15.17 -78.39
2.56 -70.59
20.05 -62.01
36.95 -52.78
52.94 -43.15
67.89 -33.27
81.78 -23.25
94.61 -13.18
106.42 -3.13
117.23 6.87
127.08 16.77
135.98 26.52
143.97 36.11
151.05 45.49
157.26 54.62
162.61 63.46
167.13 71.97
170.84 80.12
173.77 87.88
175.96 95.24
177.43 102.20
178.20 108.74
178.29 114.86
177.71 120.55
176.47 125.80
174.60 130.62
172.09 134.98
168.97 138.89
165.23 142.33
160.89 145.29
155.95 147.76
150.42 149.72
144.30 151.17
137.60 152.08
130.32 152.43
122.48 152.21
114.07 151.38
105.11 149.93
95.60 147.83
85.56 145.04
75.01 141.55
63.96 137.32
52.43 132.32
40.41 126.54
27.93 120.07
15.19 112.96
2.29 105.15
-10.69 96.58
-23.69 87.23
-36.54 77.08
-49.01 66.19
-60.90 54.78
-72.06 43.08
-82.43 31.24
-91.99 19.37
-100.73 7.58
-108.63 -4.05
-115.73 -15.43
-122.04 -26.51
-127.62 -37.22
-132.51 -47.56
-136.73 -57.50
-140.32 -67.04
-143.30 -76.15
-145.69 -84.85
-147.51 -93.11
-148.78 -100.94
-149.51 -108.34
-149.70 -115.29
-149.39 -121.79
-148.57 -127.84
-147.26 -133.43
-145.47 -138.55
-143.20 -143.20
-140.48 -147.36
-137.32 -151.03
-133.71 -154.19
-129.69 -156.83
-125.26 -158.94
-120.44 -160.49
-115.25 -161.48
-109.70 -161.88
-103.82 -161.67
-97.64 -160.81
-91.16 -159.27
-84.43 -157.02
-77.45 -154.02
-70.23 -150.21
-62.80 -145.56
-55.15 -140.03
-47.28 -133.59
-39.18 -126.20
-30.86 -117.86
-22.32 -108.54
-13.58 -98.26
-4.72 -86.98
4.18 -74.71
12.97 -61.48
21.49 -47.41
29.56 -32.75
37.04 -17.81
43.87 -2.89
50.03 11.86
55.56 26.31
60.48 40.41
64.85 54.11
68.70 67.38
72.05 80.19
74.93 92.50
77.36 104.30
79.37 115.57
80.96 126.28
82.14 136.41
82.94 145.97
83.37 154.93
83.45 163.30
83.18 171.05
82.58 178.18
81.67 184.69
80.45 190.56
78.94 195.80
77.14 200.38
75.08 204.31
72.75 207.57
70.16 210.17
67.32 212.10
64.24 213.35
60.93 213.93
57.39 213.81
53.63 213.01
49.65 211.52
45.46 209.33
41.06 206.43
36.46 202.82
31.67 198.49
26.68 193.44
21.51 187.65
16.17 181.11
10.65 173.82
4.97 165.75
-0.86 156.89
-6.82 147.22
-12.91 136.71
-19.09 125.35
-25.33 113.10
-31.59 99.95
-37.80 85.88
-43.86 70.90
-49.66 55.06
-55.06 38.49
-59.94 21.38
-64.22 4.01
-67.88 -13.38
-70.97 -30.58
-73.52 -47.42
-75.56 -63.79
-77.16 -79.59
-78.36 -94.76
-79.20 -109.24
-79.73 -122.98
-79.97 -135.94
-79.93 -148.09
-79.64 -159.40
-79.09 -169.85
-78.30 -179.43
-77.26 -188.13
-75.99 -195.94
-74.48 -202.87
-72.75 -208.92
-70.79 -214.08
-68.64 -218.35
-66.30 -221.73
-63.79 -224.24
-61.13 -225.88
-58.35 -226.66
-55.47 -226.59
-52.49 -225.69
-49.44 -223.98
-46.32 -221.46
-43.14 -218.14
-39.92 -214.04
-36.65 -209.16
-33.34 -203.51
-30.00 -197.08
-26.64 -189.90
-23.25 -181.96
-19.85 -173.28
-16.45 -163.85
-13.04 -153.70
-9.63 -142.82
-6.23 -131.23
-2.85 -118.96
0.49 -106.01
3.78 -92.41
7.01 -78.20
10.15 -63.43
13.17 -48.17
16.04 -32.51
18.72 -16.55
21.17 -0.46
23.36 15.61
25.26 31.45
26.84 46.87
28.10 61.71
29.05 75.82
29.73 89.13
30.16 101.61
30.41 113.22
30.50 123.97
30.48 133.87
30.39 142.88
30.23 151.00
29.96 158.24
29.59 164.63
29.11 170.19
28.53 174.95
27.85 178.92
27.07 182.13
26.20 184.60
25.23 186.33
24.17 187.34
23.03 187.66
21.79 187.29
20.46 186.25
