200.00 100.00
199.21 99.56
197.83 98.75
195.87 97.55
193.31 95.98
190.16 94.02
186.41 91.67
182.05 88.94
177.07 85.81
171.47 82.29
165.22 78.36
158.33 74.01
150.76 69.25
142.50 64.07
133.53 58.45
123.81 52.38
113.31 45.85
101.99 38.86
89.78 31.40
76.61 23.45
62.36 15.03
46.89 6.20
29.99 -2.84
11.68 -11.23
-6.52 -18.21
-23.65 -24.31
-39.64 -29.74
-54.49 -34.59
-68.21 -38.91
-80.85 -42.71
-92.49 -46.00
-103.19 -48.80
-113.01 -51.12
-122.01 -52.99
-130.24 -54.43
-137.74 -55.46
-144.53 -56.10
-150.64 -56.38
-156.10 -56.30
-160.91 -55.90
-165.08 -55.18
-168.64 -54.17
-171.57 -52.87
-173.88 -51.30
-175.58 -49.47
-176.65 -47.40
-177.11 -45.09
-176.94 -42.56
-176.12 -39.82
-174.67 -36.88
-172.56 -33.74
-169.77 -30.42
-166.30 -26.93
-162.13 -23.29
-157.24 -19.50
-151.60 -15.58
-145.20 -11.55
-138.00 -7.42
-129.98 -3.22
-121.12 1.02
-111.38 5.27
-100.74 9.50
-89.16 13.66
-76.62 17.71
-63.09 21.59
-48.54 25.24
-32.92 28.57
-16.20 31.45
1.50 33.74
19.79 35.15
38.15 35.50
56.28 34.84
73.91 33.30
90.80 30.93
106.71 27.84
121.56 24.24
135.36 20.29
148.14 16.04
159.92 11.57
170.68 6.90
180.42 2.07
189.10 -2.85
196.75 -7.82
203.39 -12.79
209.04 -17.71
213.74 -22.57
217.50 -27.32
220.34 -31.96
222.27 -36.45
223.31 -40.78
223.46 -44.93
222.74 -48.88
221.16 -52.60
218.72 -56.08
215.44 -59.28
211.34 -62.18
206.44 -64.75
200.76 -66.98
194.33 -68.86
187.17 -70.40
179.26 -71.57
170.63 -72.39
161.24 -72.83
151.10 -72.89
140.19 -72.54
128.48 -71.73
115.95 -70.41
102.62 -68.48
88.52 -65.85
73.70 -62.43
58.26 -58.08
42.36 -52.71
26.30 -46.27
10.34 -38.84
-5.22 -30.56
-20.17 -21.63
-34.36 -12.33
-47.75 -2.92
-60.38 6.46
-72.30 15.72
-83.56 24.78
-94.17 33.61
-104.19 42.19
-113.64 50.46
-122.51 58.36
-130.70 65.77
-138.07 72.73
-144.63 79.28
-150.38 85.45
-155.33 91.23
-159.51 96.63
-162.90 101.62
-165.52 106.21
-167.38 110.35
-168.49 114.04
-168.88 117.24
-168.56 119.92
-167.57 122.08
-165.93 123.69
-163.67 124.75
-160.81 125.26
-157.37 125.21
-153.35 124.60
-148.78 123.42
-143.65 121.67
-137.97 119.34
-131.74 116.42
-124.97 112.90
-117.66 108.77
-109.80 104.00
-101.40 98.59
-92.47 92.50
-83.01 85.70
-73.04 78.17
-62.58 69.86
-51.68 60.75
-40.53 50.87
-29.35 40.39
-18.20 29.46
-7.08 18.32
4.07 7.20
15.18 -3.74
26.05 -14.25
36.63 -24.23
46.87 -33.73
56.83 -42.88
66.74 -51.54
76.46 -59.48
85.87 -66.73
94.94 -73.34
103.67 -79.34
112.06 -84.77
120.12 -89.67
127.85 -94.06
135.26 -97.98
142.36 -101.50
149.00 -104.71
155.03 -107.49
160.47 -109.77
165.33 -111.55
169.63 -112.83
173.37 -113.61
176.54 -113.89
179.15 -113.69
181.18 -112.99
182.63 -111.81
183.50 -110.14
183.77 -107.98
183.44 -105.34
182.49 -102.21
180.91 -98.59
178.68 -94.48
175.80 -89.88
172.23 -84.77
167.97 -79.17
162.98 -73.06
157.26 -66.44
150.79 -59.31
143.53 -51.69
135.44 -43.60
126.44 -35.06
116.37 -26.06
105.23 -16.76
93.26 -7.49
80.54 1.57
67.13 10.31
53.23 18.61
39.19 26.36
25.22 33.40
11.39 39.73
-2.22 45.38
-15.56 50.40
-28.59 54.85
-41.30 58.77
-53.67 62.19
-65.71 65.16
-77.44 67.73
-88.75 70.02
-99.35 71.97
-109.27 73.51
-118.52 74.65
-127.10 75.41
-135.01 75.79
-142.22 75.81
-148.73 75.47
-154.51 74.77
-159.55 73.72
-163.83 72.32
-167.34 70.57
-170.05 68.48
-171.95 66.05
-173.01 63.29
-173.23 60.21
-172.58 56.80
-171.02 53.07
-168.53 49.05
-165.07 44.75
-160.59 40.22
-155.09 35.50
-148.59 30.67
-141.12 25.73
-132.69 20.69
-123.27 15.55
-112.81 10.34
-101.27 5.10
-88.59 -0.08
-74.90 -5.04
-60.25 -9.61
-44.76 -13.55
-28.90 -16.54
-13.10 -18.60
2.41 -19.79
17.48 -20.26
32.01 -20.12
45.96 -19.50
59.29 -18.48
72.01 -17.14
84.10 -15.52
95.57 -13.66
106.41 -11.60
116.62 -9.37
126.19 -6.99
135.13 -4.48
143.42 -1.86
151.06 0.85
158.03 3.64
164.33 6.49
169.93 9.38
174.83 12.29
179.01 15.21
182.46 18.11
185.16 20.98
187.11 23.80
188.28 26.55
188.67 29.20
188.26 31.75
187.05 34.16
185.03 36.43
182.18 38.53
178.49 40.44
173.94 42.14
168.54 43.62
162.25 44.84
155.07 45.78
146.98 46.41
137.97 46.72
128.03 46.66
117.13 46.21
105.25 45.37
92.45 44.20
78.91 42.67
64.73 40.59
49.92 37.81
34.62 34.22
18.99 29.84
3.33 24.79
-12.11 19.40
-27.12 13.73
-41.62 7.80
-55.47 1.63
-68.55 -4.71
-80.73 -11.10
-92.01 -17.43
-102.43 -23.67
-112.01 -29.77
-120.76 -35.74
-128.70 -41.57
-135.84 -47.23
-142.17 -52.73
-147.71 -58.05
-152.45 -63.18
-156.38 -68.10
-159.50 -72.80
-161.83 -77.26
-163.34 -81.45
-164.06 -85.37
-163.97 -88.98
-163.08 -92.27
-161.40 -95.22
-158.93 -97.81
-155.67 -100.01
-151.63 -101.81
-146.81 -103.17
-141.21 -104.08
-134.86 -104.51
-127.76 -104.42
-119.92 -103.78
-111.37 -102.56
-102.15 -100.72
-92.31 -98.22
-81.90 -95.06
-71.00 -91.21
-59.71 -86.68
-48.09 -81.54
-36.17 -75.85
-23.96 -69.66
-11.45 -63.04
1.35 -56.04
14.33 -48.75
27.34 -41.22
40.18 -33.53
52.43 -25.84
63.71 -18.22
73.92 -10.76
83.08 -3.48
91.24 3.57
98.44 10.37
104.71 16.89
110.07 23.11
114.55 29.01
118.15 34.57
120.88 39.75
122.76 44.53
123.77 48.88
123.91 52.76
123.21 56.13
121.70 58.94
119.42 61.15
116.47 62.72
112.93 63.65
108.92 64.00
104.46 63.88
99.51 63.34
94.05 62.42
88.07 61.13
81.57 59.47
74.53 57.45
66.98 55.07
58.93 52.34
50.38 49.28
41.33 45.93
31.75 42.34
21.60 38.55
10.81 34.59
-0.66 30.53
-12.65 26.59
-24.94 23.00
-36.81 19.92
-48.03 17.25
-58.34 15.09
-67.63 13.35
-75.97 11.94
-83.40 10.83
-89.95 10.02
-95.61 9.48
-100.38 9.22
-104.21 9.19
-107.08 9.34
-109.00 9.59
-110.02 9.87
-110.21 10.19
-109.61 10.57
-108.25 11.01
-106.15 11.52
-103.33 12.12
-99.81 12.81
-95.63 13.59
-90.82 14.44
-85.42 15.33
-79.49 16.23
-73.05 17.10
-66.14 17.89
-58.78 18.58
-50.97 19.17
-42.72 19.68
-34.00 20.11
-24.81 20.48
-15.12 20.80
-4.92 21.07
5.82 21.25
17.09 21.28
28.70 21.11
40.16 20.67
50.95 19.86
60.78 18.72
69.47 17.28
76.93 15.59
83.12 13.71
88.04 11.64
91.70 9.39
94.09 7.01
95.23 4.52
95.13 1.98
93.85 -0.52
91.58 -3.02
88.45 -5.63
84.57 -8.28
80.03 -10.87
74.86 -13.35
69.13 -15.71
62.84 -17.94
56.00 -20.07
48.63 -22.09
40.72 -24.05
32.28 -25.97
23.37 -27.88
14.04 -29.78
4.31 -31.68
-5.81 -33.58
-16.27 -35.49
-26.99 -37.41
-37.84 -39.30
-48.58 -41.13
-58.95 -42.85
-68.69 -44.46
-77.58 -45.92
-85.49 -47.13
-92.38 -47.94
-98.10 -48.39
-102.65 -48.59
-106.08 -48.55
-108.42 -48.27
-109.71 -47.76
-109.98 -47.01
-109.25 -46.03
-107.54 -44.83
-104.89 -43.40
-101.30 -41.76
-96.79 -39.92
-91.39 -37.90
-85.12 -35.73
-78.02 -33.41
-70.12 -30.99
-61.47 -28.52
-52.23 -26.12
-42.55 -23.76
-32.46 -21.34
-21.99 -18.81
-11.18 -16.11
-0.11 -13.19
11.14 -10.02
22.47 -6.61
33.79 -2.92
45.01 1.10
56.03 5.47
66.64 10.08
76.58 14.71
85.72 19.20
94.03 23.46
101.51 27.45
108.16 31.12
114.01 34.46
119.05 37.44
123.31 40.08
126.78 42.35
129.47 44.25
131.41 45.78
132.58 46.95
133.01 47.73
132.68 48.15
131.60 48.18
129.77 47.84
127.18 47.13
123.81 46.04
119.64 44.58
114.65 42.76
108.81 40.58
102.11 38.02
94.51 35.07
86.00 31.69
76.61 27.84
66.33 23.50
55.18 18.73
43.36 13.73
31.05 8.52
18.28 3.09
5.10 -2.50
-8.43 -8.17
-22.06 -13.57
-35.49 -18.68
-48.51 -23.54
-60.77 -28.04
-72.21 -32.18
-82.87 -35.95
-92.78 -39.37
-101.95 -42.42
-110.40 -45.12
-118.14 -47.45
-125.19 -49.42
-131.56 -51.03
-137.25 -52.29
-142.28 -53.19
-146.65 -53.75
-150.37 -53.97
-153.44 -53.84
-155.87 -53.38
-157.66 -52.59
-158.80 -51.47
-159.30 -50.02
-159.16 -48.25
-158.36 -46.15
-156.91 -43.74
-154.79 -41.01
-151.99 -37.97
-148.50 -34.63
-144.29 -30.98
-139.34 -27.02
-133.63 -22.77
-127.12 -18.20
-119.79 -13.34
-111.59 -8.17
-102.51 -2.72
-92.48 2.99
-81.50 8.90
-69.59 14.94
-56.81 21.03
-43.24 27.08
-29.03 33.03
-14.36 38.86
0.61 44.56
15.71 50.18
30.76 55.73
45.35 61.15
59.13 66.21
71.99 70.76
83.94 74.78
95.00 78.23
105.17 81.10
114.49 83.39
122.98 85.11
130.67 86.24
137.62 86.80
143.96 86.82
149.73 86.56
154.78 86.10
159.07 85.42
162.57 84.50
165.30 83.32
167.24 81.89
168.40 80.20
168.77 78.24
168.36 76.00
167.14 73.50
165.12 70.71
162.29 67.65
158.65 64.31
154.18 60.70
148.87 56.81
142.74 52.65
135.77 48.22
127.96 43.53
119.33 38.56
109.86 33.33
99.56 27.83
88.44 22.06
76.47 16.03
63.68 9.74
50.08 3.22
35.73 -3.50
20.77 -10.49
5.36 -17.79
-10.20 -25.41
-25.52 -33.33
-40.09 -41.39
-53.70 -49.25
-66.45 -56.86
-78.21 -64.17
-89.00 -71.10
-98.84 -77.65
-107.69 -83.77
-115.61 -89.39
-122.65 -94.49
-128.87 -99.10
-134.27 -103.22
-138.89 -106.87
-142.73 -110.04
-145.81 -112.75
-148.14 -115.02
-149.73 -116.86
-150.59 -118.28
-150.72 -119.31
-150.14 -119.95
-148.85 -120.21
-146.87 -120.11
-144.20 -119.64
-140.84 -118.81
-136.80 -117.61
-132.09 -116.03
-126.70 -114.08
-120.64 -111.73
-113.92 -108.98
-106.52 -105.82
-98.45 -102.23
-89.71 -98.19
-80.29 -93.68
-70.18 -88.67
-59.38 -83.14
-48.05 -77.10
-36.30 -70.55
-24.17 -63.41
-11.73 -55.66
0.88 -47.27
13.48 -38.27
25.63 -28.80
36.73 -19.32
46.86 -9.91
56.10 -0.65
64.48 8.41
72.04 17.21
78.80 25.69
84.79 33.84
90.05 41.67
94.61 49.18
98.48 56.37
101.66 63.22
104.17 69.74
106.01 75.89
107.19 81.65
107.73 87.00
107.65 91.93
106.96 96.41
105.69 100.44
103.86 103.99
101.46 107.03
98.50 109.50
94.98 111.38
90.91 112.62
86.29 113.23
81.12 113.17
75.41 112.43
69.18 110.98
62.42 108.80
55.17 105.86
47.45 102.14
39.30 97.63
30.76 92.33
21.89 86.20
12.77 79.16
3.51 71.12
-5.67 62.00
-14.54 51.88
-23.04 40.96
-31.15 29.67
-38.79 18.33
-45.93 7.06
-52.58 -4.01
-58.77 -14.82
-64.56 -25.34
-69.98 -35.54
-75.01 -45.37
-79.63 -54.80
-83.79 -63.77
-87.50 -72.28
-90.72 -80.29
-93.46 -87.81
-95.72 -94.83
-97.52 -101.33
-98.87 -107.33
-99.77 -112.81
-100.24 -117.77
-100.30 -122.21
-99.95 -126.12
-99.20 -129.51
-98.06 -132.35
-96.56 -134.65
-94.68 -136.39
-92.45 -137.57
-89.87 -138.17
-86.95 -138.18
-83.70 -137.60
-80.14 -136.40
-76.26 -134.56
-72.08 -132.08
-67.62 -128.93
-62.88 -125.09
-57.89 -120.53
-52.65 -115.22
-47.20 -109.13
-41.55 -102.23
-35.76 -94.46
-29.88 -85.81
-23.97 -76.27
-18.08 -65.83
-12.27 -54.51
-6.63 -42.35
-1.33 -29.46
3.53 -16.01
7.81 -2.17
11.43 11.78
14.38 25.65
16.70 39.22
18.44 52.25
19.54 64.57
19.99 76.11
19.85 86.76
19.20 96.43
18.07 105.12
16.54 112.88
14.65 119.76
12.45 125.80
10.01 131.05
7.37 135.52
4.57 139.22
1.65 142.16
-1.36 144.34
-4.43 145.75
-7.54 146.41
-10.67 146.30
-13.79 145.43
-16.90 143.79
-19.96 141.38
-22.97 138.20
-25.91 134.23
-28.77 129.49
-31.54 123.96
-34.20 117.63
-36.76 110.50
-39.19 102.55
-41.50 93.76
-43.69 84.12
-45.76 73.60
-47.76 62.18
-49.70 50.01
-51.43 37.21
-52.86 23.75
-53.94 9.60
-54.60 -5.25
-54.78 -20.81
-54.53 -37.04
-53.81 -53.59
-52.12 -70.04
-49.54 -85.60
-46.51 -100.07
-43.20 -113.42
-39.71 -125.66
-36.12 -136.78
-32.44 -146.79
-28.71 -155.67
-24.96 -163.46
-21.20 -170.15
-17.47 -175.77
-13.78 -180.34
-10.16 -183.86
-6.63 -186.35
-3.19 -187.81
0.13 -188.26
3.33 -187.70
6.38 -186.11
9.29 -183.52
12.03 -179.90
14.59 -175.27
16.95 -169.61
19.10 -162.93
21.02 -155.22
22.67 -146.46
24.02 -136.66
25.01 -125.83
25.63 -114.02
25.88 -101.25
25.75 -87.51
25.27 -72.79
24.45 -57.02
23.30 -40.12
21.89 -22.06
20.48 -3.26
19.29 15.07
18.17 32.60
17.09 49.25
16.06 64.96
15.09 79.68
14.12 93.37
13.14 106.04
12.09 117.70
10.98 128.37
9.79 138.03
8.54 146.71
7.22 154.39
5.85 161.08
4.45 166.78
3.03 171.50
1.60 175.24
0.18 178.00
-1.23 179.80
-2.60 180.64
-3.93 180.52
-5.22 179.45
-6.46 177.42
-7.63 174.43
-8.73 170.48
-9.75 165.56
-10.67 159.66
-11.48 152.78
-12.18 144.91
-12.75 136.06
-13.22 126.24
-13.59 115.47
-13.90 103.76
-14.20 91.17
-14.57 77.76
-15.11 63.67
-15.91 49.14
-16.91 34.40
-18.05 19.53
-19.21 4.89
-20.39 -9.00
-21.56 -21.91
-22.70 -33.85
-23.79 -44.85
-24.81 -54.97
-25.74 -64.23
-26.57 -72.65
-27.30 -80.26
-27.92 -87.07
-28.43 -93.09
-28.82 -98.33
-29.09 -102.81
-29.24 -106.51
-29.28 -109.46
-29.20 -111.66
-29.02 -113.11
-28.73 -113.82
-28.34 -113.78
-27.86 -113.00
-27.29 -111.49
-26.65 -109.23
-25.94 -106.22
-25.19 -102.46
-24.40 -97.95
-23.60 -92.67
-22.80 -86.64
-22.02 -79.84
-21.27 -72.28
-20.51 -63.96
-19.68 -55.00
-18.75 -45.53
-17.71 -35.61
-16.49 -25.26
-14.97 -14.60
-13.03 -3.82
-10.58 6.88
-7.62 17.27
-4.31 27.15
-0.80 36.37
2.82 44.78
6.41 52.32
9.87 59.03
13.18 64.99
16.31 70.22
19.25 74.76
22.00 78.63
24.54 81.85
26.87 84.43
28.98 86.38
30.88 87.71
32.53 88.42
33.95 88.52
35.11 88.01
36.00 86.89
36.60 85.15
36.88 82.79
36.82 79.81
36.40 76.22
35.59 72.01
34.38 67.19
32.76 61.76
30.71 55.73
28.22 49.11
25.28 41.91
21.88 34.15
18.00 25.86
13.63 17.06
8.73 7.80
3.30 -1.91
-2.70 -12.01
-9.27 -22.43
-16.42 -33.03
-24.11 -43.64
-32.32 -54.12
-41.03 -64.25
-50.17 -73.79
-59.51 -82.49
-68.79 -90.26
-77.83 -97.14
-86.53 -103.16
-94.82 -108.36
-102.68 -112.78
-110.06 -116.44
-116.94 -119.37
-123.29 -121.59
-129.10 -123.12
-134.34 -123.96
-139.02 -124.12
-143.10 -123.63
-146.58 -122.47
-149.44 -120.67
-151.68 -118.21
-153.26 -115.12
-154.17 -111.39
-154.37 -107.07
-153.83 -102.21
-152.53 -96.92
-150.49 -91.24
-147.73 -85.17
-144.25 -78.72
-140.05 -71.90
-135.14 -64.70
-129.50 -57.14
-123.14 -49.24
-116.08 -40.98
-108.31 -32.38
-99.85 -23.44
-90.69 -14.20
-80.83 -4.70
-70.28 4.98
-59.01 14.72
-47.02 24.40
-34.35 33.85
-21.16 42.94
-7.76 51.42
5.67 59.07
18.92 65.76
31.80 71.46
44.15 76.18
55.91 79.96
66.99 82.83
77.35 84.81
86.92 85.91
95.64 86.17
103.42 85.64
110.24 84.39
116.13 82.51
121.18 80.14
125.42 77.38
128.86 74.26
131.50 70.78
133.35 66.98
134.42 62.85
134.70 58.40
134.21 53.64
132.94 48.57
130.89 43.20
128.06 37.53
124.44 31.56
120.04 25.31
114.86 18.79
108.95 12.05
102.30 5.17
94.95 -1.80
86.90 -8.79
78.14 -15.71
68.72 -22.50
58.64 -29.07
47.95 -35.34
36.68 -41.21
24.91 -46.56
12.74 -51.25
0.33 -55.19
-12.14 -58.33
-24.52 -60.69
-36.60 -62.36
-48.14 -63.32
-59.05 -63.56
-69.28 -63.13
-78.77 -62.12
-87.44 -60.63
-95.25 -58.69
-102.17 -56.35
-108.20 -53.64
-113.36 -50.58
-117.65 -47.20
-121.08 -43.54
