-200.00 -50.00
-199.17 -49.79
-197.68 -49.43
-195.53 -48.90
-192.72 -48.20
-189.23 -47.34
-185.06 -46.32
-180.21 -45.12
-174.66 -43.76
-168.39 -42.22
-161.40 -40.49
-153.67 -38.59
-145.18 -36.49
-135.89 -34.21
-125.79 -31.71
-114.83 -29.01
-102.98 -26.09
-90.19 -22.93
-76.39 -19.53
-61.50 -15.87
-45.42 -11.94
-28.01 -7.75
-9.14 -3.36
11.48 1.46
32.70 6.54
53.12 11.38
72.44 15.89
90.67 20.11
107.88 24.04
124.12 27.72
139.43 31.14
153.85 34.33
167.41 37.30
180.15 40.04
192.08 42.57
203.23 44.89
213.62 47.01
223.25 48.94
232.14 50.67
240.31 52.21
247.75 53.56
254.49 54.72
260.52 55.70
265.85 56.50
270.49 57.12
274.43 57.57
277.68 57.83
280.24 57.92
282.11 57.83
283.28 57.58
283.76 57.15
283.55 56.54
282.63 55.77
281.00 54.82
278.65 53.71
275.59 52.42
271.78 50.97
267.23 49.34
261.92 47.54
255.84 45.56
248.97 43.42
241.29 41.09
232.78 38.59
223.41 35.91
213.16 33.05
202.00 30.00
189.89 26.76
176.78 23.33
162.64 19.69
147.41 15.85
131.03 11.79
113.46 7.52
94.68 3.02
74.77 -1.64
53.99 -6.23
32.83 -10.54
11.65 -14.47
-9.27 -17.94
-29.67 -20.93
-49.41 -23.48
-68.42 -25.66
-86.68 -27.48
-104.15 -28.98
-120.77 -30.18
-136.54 -31.10
-151.45 -31.77
-165.52 -32.20
-178.75 -32.41
-191.18 -32.41
-202.80 -32.23
-213.63 -31.85
-223.68 -31.31
-232.96 -30.60
-241.47 -29.73
-249.21 -28.71
-256.20 -27.56
-262.43 -26.27
-267.91 -24.84
-272.64 -23.30
-276.63 -21.64
-279.86 -19.87
-282.35 -17.99
-284.10 -16.01
-285.09 -13.93
-285.33 -11.76
-284.82 -9.50
-283.54 -7.16
-281.51 -4.74
-278.70 -2.25
-275.13 0.30
-270.77 2.92
-265.64 5.60
-259.72 8.32
-253.00 11.09
-245.49 13.89
-237.18 16.71
-228.06 19.55
-218.12 22.38
-207.37 25.19
-195.80 27.96
-183.40 30.65
-170.16 33.23
-156.09 35.69
-141.15 38.00
-125.36 40.19
-108.81 42.31
-91.66 44.29
-73.98 46.04
-55.87 47.46
-37.47 48.46
-18.92 48.90
-0.38 48.71
17.99 47.84
36.04 46.28
53.63 44.05
70.67 41.20
87.07 37.79
102.78 33.88
117.73 29.51
131.88 24.76
145.23 19.68
157.81 14.30
169.63 8.67
180.70 2.79
190.96 -3.35
200.28 -9.64
208.66 -15.96
216.14 -22.26
222.75 -28.51
228.54 -34.68
233.54 -40.75
237.77 -46.69
241.26 -52.50
244.03 -58.14
246.10 -63.61
247.48 -68.88
248.18 -73.95
248.22 -78.81
247.61 -83.43
246.36 -87.81
244.46 -91.93
241.94 -95.79
238.78 -99.36
235.01 -102.65
230.62 -105.63
225.60 -108.29
219.98 -110.62
213.74 -112.59
206.90 -114.18
199.45 -115.39
191.40 -116.17
182.76 -116.50
173.54 -116.36
163.75 -115.71
153.39 -114.51
142.48 -112.69
131.15 -110.14
119.57 -106.97
107.74 -103.21
95.66 -98.84
83.37 -93.83
70.90 -88.15
58.31 -81.77
45.68 -74.66
33.10 -66.78
20.67 -58.12
8.54 -48.71
-3.16 -38.60
-14.31 -27.88
-24.78 -16.72
-34.55 -5.31
-43.66 6.14
-52.10 17.50
-59.88 28.63
-66.97 39.45
-73.41 49.89
-79.24 59.94
-84.48 69.58
-89.17 78.80
-93.35 87.59
-97.04 95.94
-100.27 103.84
-103.07 111.29
-105.45 118.29
-107.46 124.82
-109.09 130.88
-110.39 136.45
-111.35 141.54
-112.01 146.13
-112.36 150.20
-112.41 153.74
-112.17 156.74
-111.63 159.19
-110.78 161.07
-109.60 162.37
-108.09 163.10
-106.23 163.25
-104.03 162.82
-101.47 161.82
-98.57 160.24
-95.33 158.07
-91.76 155.33
-87.86 151.99
-83.64 148.06
-79.12 143.52
-74.30 138.38
-69.19 132.62
-63.80 126.22
-58.14 119.18
-52.23 111.48
-46.07 103.09
-39.70 94.00
-33.14 84.18
-26.43 73.62
-19.58 62.32
-12.63 50.27
-5.59 37.46
1.53 23.89
8.76 9.64
15.93 -4.84
22.55 -19.04
28.58 -32.74
34.03 -45.82
38.95 -58.26
43.41 -70.06
47.44 -81.23
51.10 -91.77
54.42 -101.72
57.42 -111.07
60.13 -119.83
62.57 -128.03
64.76 -135.67
66.71 -142.75
68.45 -149.29
69.98 -155.29
71.33 -160.76
72.49 -165.70
73.48 -170.13
74.31 -174.04
74.99 -177.45
75.52 -180.35
75.91 -182.76
76.17 -184.67
76.30 -186.08
76.31 -187.01
76.20 -187.45
75.96 -187.39
75.62 -186.85
75.16 -185.82
74.60 -184.29
73.93 -182.27
73.16 -179.75
72.28 -176.73
71.30 -173.21
70.23 -169.18
69.06 -164.63
67.79 -159.58
66.42 -154.00
64.96 -147.90
63.40 -141.27
61.75 -134.10
60.01 -126.39
58.18 -118.13
56.26 -109.32
54.25 -99.97
52.14 -90.06
49.92 -79.60
47.54 -68.61
44.90 -57.06
41.93 -44.94
38.59 -32.20
34.84 -18.81
30.67 -4.71
26.21 10.04
21.72 24.75
16.99 39.16
12.08 52.89
7.14 65.90
2.20 78.17
-2.70 89.73
-7.56 100.59
-12.35 110.77
-17.06 120.28
-21.69 129.16
-26.22 137.40
-30.66 145.05
-34.99 152.11
-39.22 158.60
-43.33 164.53
-47.33 169.92
-51.22 174.78
-55.00 179.11
-58.66 182.94
-62.21 186.25
-65.63 189.08
-68.94 191.41
-72.12 193.25
-75.18 194.62
-78.11 195.52
-80.91 195.94
-83.57 195.90
-86.09 195.40
-88.46 194.45
-90.68 193.04
-92.75 191.18
-94.64 188.87
-96.36 186.12
-97.89 182.92
-99.23 179.29
-100.36 175.21
-101.27 170.69
-101.94 165.73
-102.36 160.32
-102.52 154.47
-102.39 148.16
-101.95 141.41
-101.19 134.18
-100.08 126.49
-98.59 118.32
-96.70 109.65
-94.38 100.48
-91.60 90.78
-88.31 80.54
-84.48 69.73
-80.07 58.32
-75.01 46.27
-69.25 33.53
-62.70 20.04
-55.30 5.75
-46.95 -9.30
-37.64 -24.81
-27.58 -40.21
-17.21 -54.95
-6.85 -68.77
3.41 -81.68
13.53 -93.69
23.47 -104.82
33.20 -115.08
42.69 -124.49
51.92 -133.07
60.87 -140.83
69.55 -147.78
77.95 -153.91
86.07 -159.23
93.93 -163.69
101.57 -167.26
108.95 -170.11
115.99 -172.46
122.64 -174.34
128.90 -175.74
134.75 -176.67
140.19 -177.12
145.21 -177.09
149.81 -176.59
153.97 -175.62
157.70 -174.17
160.97 -172.25
163.80 -169.86
166.16 -167.01
168.05 -163.70
169.48 -159.92
170.42 -155.68
170.87 -150.99
170.83 -145.84
170.28 -140.22
169.23 -134.15
167.66 -127.63
165.57 -120.64
162.95 -113.19
159.78 -105.27
156.07 -96.89
151.79 -88.03
146.95 -78.69
141.52 -68.86
135.50 -58.54
128.87 -47.70
121.63 -36.34
113.77 -24.43
105.32 -11.97
96.33 0.99
86.84 14.36
76.80 28.08
66.20 42.06
55.07 56.04
43.61 69.62
32.14 82.52
20.75 94.61
9.47 105.83
-1.66 116.14
-12.63 125.54
-23.40 134.03
-33.95 141.63
-44.26 148.35
-54.30 154.19
-64.04 159.15
-73.42 163.26
-82.42 166.53
-90.99 169.00
-99.13 170.70
-106.83 171.64
-114.06 171.86
-120.81 171.37
-127.09 170.18
-132.88 168.32
-138.16 165.79
-142.93 162.61
-147.18 158.79
-150.88 154.34
-154.02 149.26
-156.59 143.58
-158.55 137.30
-159.88 130.44
-160.57 123.03
-160.59 115.09
-159.94 106.66
-158.62 97.76
-156.62 88.40
-153.94 78.59
-150.56 68.34
-146.47 57.65
-141.63 46.53
-136.04 34.98
-129.63 23.01
-122.38 10.63
-114.22 -2.17
-105.09 -15.36
-94.96 -28.95
-83.83 -42.77
-71.67 -56.47
-58.57 -69.57
-44.81 -81.70
-30.69 -92.75
-16.39 -102.71
-2.04 -111.58
12.24 -119.38
26.32 -126.15
40.13 -131.94
53.59 -136.82
66.65 -140.83
79.27 -144.04
91.41 -146.48
103.07 -148.20
114.21 -149.25
124.82 -149.67
134.90 -149.48
144.42 -148.72
153.38 -147.42
161.76 -145.61
169.54 -143.31
176.71 -140.55
183.25 -137.35
189.13 -133.72
194.34 -129.68
198.85 -125.23
202.65 -120.39
205.73 -115.16
208.06 -109.54
209.65 -103.56
210.47 -97.22
210.51 -90.53
209.77 -83.50
208.22 -76.16
205.85 -68.51
202.65 -60.56
198.59 -52.35
193.66 -43.89
187.84 -35.20
181.10 -26.32
173.42 -17.29
164.78 -8.14
155.15 1.07
144.53 10.28
132.91 19.41
120.27 28.37
106.64 37.04
92.05 45.28
76.55 52.94
60.25 59.84
43.28 65.81
25.84 70.72
8.20 74.48
-9.38 77.11
-26.69 78.73
-43.61 79.40
-60.05 79.19
-75.91 78.17
-91.12 76.42
-105.63 73.99
-119.38 70.97
-132.35 67.41
-144.50 63.38
-155.83 58.93
-166.32 54.12
-175.95 49.00
-184.73 43.60
-192.66 37.98
-199.73 32.16
-205.95 26.19
-211.31 20.10
-215.82 13.91
-219.49 7.67
-222.32 1.39
-224.30 -4.90
-225.45 -11.18
-225.76 -17.40
-225.23 -23.56
-223.86 -29.61
-221.67 -35.54
-218.63 -41.30
-214.77 -46.87
-210.08 -52.20
-204.56 -57.26
-198.22 -62.00
-191.08 -66.39
-183.15 -70.38
-174.44 -73.91
-164.97 -76.96
-154.78 -79.47
-143.87 -81.40
-132.28 -82.73
-120.03 -83.40
-107.13 -83.37
-93.63 -82.58
-79.56 -80.97
-65.01 -78.49
-50.05 -75.08
-34.81 -70.69
-19.39 -65.31
-3.95 -58.94
11.40 -51.63
26.55 -43.42
41.35 -34.38
55.66 -24.59
69.34 -14.12
82.26 -3.07
94.30 8.45
105.39 20.29
115.50 32.31
124.61 44.40
132.75 56.46
139.94 68.40
146.18 80.18
151.41 91.71
155.64 102.74
159.04 113.17
161.68 123.01
163.63 132.24
164.89 140.88
165.51 148.90
165.50 156.30
164.88 163.08
163.66 169.23
161.88 174.73
159.53 179.57
156.63 183.76
153.20 187.27
149.26 190.11
144.80 192.26
139.84 193.72
134.40 194.47
128.48 194.53
122.09 193.87
115.25 192.49
107.97 190.40
100.26 187.57
92.14 184.01
83.63 179.70
74.76 174.63
65.54 168.78
56.02 162.14
46.22 154.68
36.21 146.39
26.02 137.25
15.70 127.25
5.33 116.36
-5.03 104.59
-15.33 91.92
-25.47 78.35
-35.37 63.90
-44.94 48.58
-54.09 32.43
-62.71 15.50
-70.72 -2.10
-78.10 -20.14
-84.81 -38.29
-90.78 -56.33
-95.97 -74.09
-100.38 -91.47
-104.04 -108.36
-107.01 -124.69
-109.34 -140.39
-111.06 -155.42
-112.24 -169.76
-112.89 -183.37
-113.06 -196.26
-112.78 -208.40
-112.07 -219.79
-110.96 -230.43
-109.46 -240.31
-107.60 -249.44
-105.40 -257.81
-102.88 -265.42
-100.04 -272.27
-96.91 -278.36
-93.51 -283.69
-89.84 -288.26
-85.93 -292.06
-81.79 -295.10
-77.44 -297.36
-72.89 -298.86
-68.15 -299.58
-63.25 -299.52
-58.21 -298.69
-53.02 -297.07
-47.72 -294.67
-42.32 -291.48
-36.84 -287.49
-31.28 -282.71
-25.68 -277.12
-20.04 -270.71
-14.39 -263.49
-8.75 -255.44
-3.12 -246.56
2.45 -236.84
7.97 -226.26
13.39 -214.82
18.69 -202.50
23.84 -189.30
28.82 -175.20
33.59 -160.20
38.11 -144.27
42.34 -127.41
46.23 -109.59
49.69 -90.83
52.61 -71.26
54.95 -51.16
56.65 -30.65
57.60 -9.80
57.70 11.29
56.85 32.39
55.01 53.18
52.26 73.34
48.78 92.63
44.73 110.97
40.24 128.30
35.41 144.59
30.30 159.84
24.99 174.05
19.54 187.27
13.97 199.52
8.34 210.83
2.67 221.23
-3.01 230.74
-8.68 239.38
-14.31 247.18
-19.90 254.14
-25.42 260.28
-30.86 265.62
-36.20 270.17
-41.43 273.94
-46.54 276.94
-51.52 279.17
-56.35 280.64
-61.02 281.37
-65.52 281.34
-69.83 280.58
-73.95 279.08
-77.87 276.85
-81.56 273.90
-85.01 270.21
-88.22 265.81
-91.17 260.69
-93.84 254.85
-96.22 248.30
-98.29 241.04
-100.04 233.07
-101.44 224.40
-102.48 215.02
-103.15 204.95
-103.42 194.18
-103.27 182.71
-102.68 170.56
-101.63 157.71
-100.09 144.17
-98.03 129.94
-95.43 115.03
-92.24 99.45
-88.43 83.19
-83.95 66.27
-78.73 48.74
-72.72 30.68
-65.85 12.30
-58.13 -6.05
-49.70 -23.95
-40.78 -41.14
-31.52 -57.54
-22.12 -73.13
-12.74 -87.94
-3.51 -101.93
5.54 -115.02
14.41 -127.18
23.09 -138.44
31.54 -148.82
39.73 -158.35
47.62 -167.04
55.21 -174.94
62.46 -182.05
69.36 -188.41
75.91 -194.04
82.10 -198.96
87.92 -203.18
93.36 -206.74
98.41 -209.63
103.08 -211.89
107.36 -213.52
111.24 -214.54
114.72 -214.95
117.80 -214.78
120.46 -214.03
122.70 -212.71
124.52 -210.82
125.91 -208.39
126.86 -205.40
127.37 -201.88
127.42 -197.83
127.00 -193.25
126.10 -188.16
124.72 -182.55
122.84 -176.44
120.44 -169.83
117.51 -162.73
114.04 -155.14
110.00 -147.08
105.39 -138.55
100.17 -129.56
94.33 -120.11
87.84 -110.23
80.66 -99.93
72.77 -89.22
64.14 -78.13
54.71 -66.69
44.45 -54.98
33.32 -43.06
21.30 -31.07
8.42 -19.20
-5.22 -7.69
-19.40 3.20
-33.77 13.23
-47.87 22.38
-61.50 30.76
-74.57 38.41
-87.03 45.39
-98.85 51.73
-110.01 57.49
-120.51 62.69
-130.33 67.36
-139.48 71.54
-147.95 75.25
-155.74 78.51
-162.86 81.35
-169.30 83.77
-175.07 85.80
-180.17 87.44
-184.61 88.71
-188.38 89.62
-191.48 90.18
-193.91 90.39
-195.68 90.26
-196.79 89.80
-197.22 89.01
-196.98 87.90
-196.06 86.47
-194.46 84.72
-192.17 82.65
-189.18 80.28
-185.50 77.61
-181.11 74.63
-176.01 71.35
-170.18 67.78
-163.62 63.93
-156.32 59.80
-148.26 55.41
-139.44 50.76
-129.83 45.86
-119.41 40.74
-108.17 35.40
-96.06 29.87
-83.06 24.17
-69.12 18.32
-54.20 12.38
-38.28 6.45
-21.42 0.76
-3.88 -4.33
13.72 -8.53
30.85 -11.97
47.24 -14.79
62.74 -17.07
77.32 -18.91
90.98 -20.35
103.76 -21.46
115.65 -22.27
126.69 -22.80
136.88 -23.07
146.24 -23.12
154.78 -22.96
162.50 -22.60
169.41 -22.06
175.53 -21.35
180.84 -20.48
185.37 -19.46
189.10 -18.30
192.04 -17.01
194.19 -15.60
195.55 -14.07
196.11 -12.42
195.87 -10.67
194.82 -8.82
192.97 -6.87
190.30 -4.83
186.81 -2.69
182.49 -0.47
177.33 1.85
171.33 4.25
164.48 6.74
156.77 9.31
148.19 11.96
138.72 14.67
128.35 17.44
117.03 20.25
104.74 23.08
91.42 25.93
77.02 28.76
61.51 31.54
44.86 34.23
27.18 36.80
8.60 39.19
-10.59 41.37
-29.72 43.33
-48.08 44.86
-65.63 46.01
-82.36 46.80
-98.28 47.26
-113.40 47.37
-127.72 47.14
-141.23 46.59
-153.93 45.71
-165.80 44.52
-176.82 43.04
-186.96 41.29
-196.21 39.30
-204.56 37.11
-212.02 34.75
-218.59 32.24
-224.27 29.60
-229.07 26.82
-233.00 23.93
-236.05 20.94
-238.23 17.83
-239.54 14.62
-239.97 11.31
-239.52 7.90
-238.20 4.39
-235.99 0.80
-232.89 -2.89
-228.89 -6.66
-223.99 -10.51
-218.17 -14.44
-211.44 -18.45
-203.76 -22.51
-195.13 -26.64
-185.52 -30.82
-174.90 -35.04
-163.24 -39.29
-150.50 -43.56
-136.60 -47.83
-121.48 -52.09
-105.02 -56.34
-87.23 -60.72
-68.93 -65.13
-50.84 -69.20
-33.23 -72.73
-16.14 -75.68
0.42 -78.08
16.45 -79.97
31.95 -81.36
46.90 -82.31
61.29 -82.85
75.12 -83.04
88.37 -83.00
100.77 -82.80
112.18 -82.26
122.66 -81.35
132.25 -80.10
140.96 -78.51
148.82 -76.63
155.84 -74.45
162.05 -72.00
167.45 -69.28
172.05 -66.31
175.86 -63.10
178.89 -59.66
181.13 -55.99
182.60 -52.09
183.29 -47.98
183.19 -43.67
182.31 -39.15
180.64 -34.44
178.17 -29.55
174.89 -24.48
170.81 -19.25
165.89 -13.86
160.15 -8.35
153.56 -2.72
146.11 3.01
137.80 8.81
128.61 14.64
118.55 20.48
107.61 26.27
95.80 31.93
83.15 37.36
69.63 42.40
55.22 46.90
39.92 50.68
23.86 53.56
7.42 55.37
-9.05 56.13
-25.39 55.89
-41.41 54.68
-56.92 52.64
-71.84 49.91
-86.03 46.57
-99.39 42.69
-111.85 38.32
-123.38 33.53
-133.96 28.37
-143.59 22.91
-152.27 17.20
-160.02 11.30
-166.87 5.26
-172.83 -0.88
-177.93 -7.08
-182.19 -13.32
-185.63 -19.55
-188.27 -25.75
-190.11 -31.90
-191.18 -37.95
-191.49 -43.88
-191.06 -49.67
-189.88 -55.28
-187.98 -60.68
-185.36 -65.85
-182.03 -70.75
-178.00 -75.36
-173.28 -79.64
-167.89 -83.56
-161.82 -87.08
-155.10 -90.18
-147.74 -92.82
-139.76 -94.96
-131.16 -96.57
-121.98 -97.62
-112.24 -98.06
-101.96 -97.86
-91.16 -97.00
-79.89 -95.44
-68.17 -93.14
-56.02 -90.07
-43.46 -86.19
-30.53 -81.42
-17.32 -75.65
-4.02 -68.83
9.26 -60.92
22.24 -51.85
34.59 -41.70
45.98 -30.68
56.22 -19.12
65.30 -7.31
73.23 4.54
80.08 16.25
85.90 27.70
90.76 38.81
