10.00 -10.00
9.88 -9.83
9.57 -9.37
9.07 -8.60
8.36 -7.53
7.44 -6.14
6.28 -4.41
4.85 -2.33
2.99 0.11
1.16 2.32
-0.23 4.09
-1.14 5.40
-1.50 6.30
-1.38 6.77
-0.66 6.75
0.83 6.27
3.01 5.51
5.82 4.53
9.07 3.74
12.31 3.13
15.42 2.72
18.30 2.41
21.05 1.99
23.16 1.48
24.45 1.11
25.18 0.92
25.37 0.85
24.71 0.74
23.49 0.26
22.15 -0.50
20.79 -1.35
19.70 -2.17
19.07 -3.05
18.89 -3.97
19.16 -4.85
19.82 -5.68
20.73 -6.42
21.78 -7.07
22.92 -7.59
24.15 -7.91
25.46 -7.98
26.89 -7.70
28.56 -6.85
30.02 -5.34
31.20 -3.65
32.35 -1.98
33.56 -0.44
34.84 0.92
36.19 2.05
37.50 2.90
38.64 3.43
39.56 3.62
40.23 3.47
40.64 2.97
40.73 2.11
40.43 0.92
39.65 -0.45
38.55 -1.62
37.58 -2.39
36.78 -2.67
35.82 -2.40
34.52 -1.76
32.90 -0.88
31.02 0.14
29.00 1.18
26.96 2.17
24.97 3.10
22.97 4.04
20.91 5.17
19.11 6.19
17.73 6.85
16.59 7.11
15.29 7.16
14.16 7.31
13.41 7.61
13.00 8.04
12.83 8.58
12.78 9.28
12.76 10.17
12.72 11.25
12.70 12.47
12.80 13.76
13.15 15.14
13.95 16.63
15.49 17.91
17.63 18.54
20.14 18.44
22.91 17.60
25.92 15.97
29.03 13.58
32.02 10.58
34.79 7.01
37.27 3.00
39.37 -1.46
40.90 -5.66
42.27 -9.21
43.56 -12.21
44.79 -14.67
45.96 -16.61
47.03 -18.07
47.96 -19.06
48.68 -19.60
49.09 -19.67
49.14 -19.19
48.80 -18.12
48.05 -16.42
46.89 -14.02
45.78 -11.05
44.35 -8.18
42.21 -5.57
39.50 -3.36
36.15 -1.61
32.35 -0.40
28.19 0.21
23.91 0.12
19.48 -0.60
14.71 -1.85
9.41 -3.18
4.09 -4.06
-0.98 -4.71
-5.78 -5.21
-10.30 -5.60
-14.52 -5.91
-18.41 -6.17
-21.96 -6.38
-25.15 -6.58
-27.93 -6.77
-30.28 -6.94
-32.12 -7.12
-33.35 -7.29
-33.81 -7.52
-33.36 -8.06
-32.40 -9.19
-31.05 -10.68
-29.14 -12.36
-26.47 -14.12
-23.01 -15.92
-19.01 -17.75
-14.70 -19.60
-10.51 -21.34
-6.69 -22.78
-3.24 -23.80
-0.17 -24.31
2.46 -24.21
4.60 -23.32
6.54 -21.48
8.52 -18.93
10.50 -15.92
12.40 -12.60
14.19 -9.09
15.87 -5.51
17.44 -1.98
18.84 1.39
19.97 4.50
20.74 7.38
21.15 10.08
21.21 12.60
20.91 14.94
20.27 17.10
19.28 19.06
17.92 20.78
16.23 22.13
14.35 23.09
12.37 23.63
9.94 23.63
6.50 23.40
2.59 22.85
-1.09 22.20
-4.18 21.62
-6.68 21.01
-8.77 20.32
-10.56 19.62
-12.09 18.95
-13.41 18.34
-14.57 17.82
-15.68 17.43
-17.00 17.05
-17.99 16.35
-18.27 15.43
-17.90 14.38
-16.88 13.28
-15.16 12.17
-12.64 11.08
-9.22 9.98
-4.88 8.84
0.41 7.68
6.59 6.49
13.59 5.18
21.35 3.64
29.82 1.82
38.99 -0.25
48.83 -2.38
58.92 -4.51
68.78 -6.77
77.93 -8.98
86.18 -11.12
93.47 -13.12
99.70 -14.92
104.78 -16.58
108.77 -18.18
111.70 -19.76
113.61 -21.38
114.44 -23.01
114.05 -24.50
112.41 -25.81
109.49 -26.93
105.70 -27.81
101.76 -28.31
97.47 -28.51
92.87 -28.57
88.07 -28.45
83.15 -28.08
78.18 -27.41
73.13 -26.43
67.98 -25.17
62.73 -23.64
57.41 -21.85
52.08 -19.79
46.34 -17.48
39.46 -15.44
31.88 -13.85
23.95 -12.70
15.83 -11.89
7.66 -11.41
-0.59 -11.42
-8.05 -11.48
-14.59 -11.37
-20.38 -11.15
-25.50 -10.78
-29.95 -10.26
-33.56 -9.52
-35.79 -8.52
-37.98 -7.87
-39.93 -7.43
-41.55 -7.15
-42.75 -6.97
-43.46 -6.82
-43.60 -6.67
-43.12 -6.47
-41.97 -6.22
-40.14 -5.93
-37.66 -5.62
-34.74 -5.35
-31.75 -4.96
-28.98 -4.37
-26.82 -3.46
-25.33 -1.92
-24.04 0.22
-22.83 2.70
-21.75 5.38
-20.79 8.15
-19.89 10.98
-19.00 13.88
-18.05 16.84
-17.02 19.83
-16.01 22.80
-15.10 25.72
-14.32 28.56
-13.70 31.31
-13.31 33.95
-13.19 36.44
-13.41 38.72
-14.02 40.67
-15.07 42.13
-16.75 43.08
-18.99 43.69
-21.32 44.12
-23.55 44.44
-25.63 44.67
-27.51 44.77
-29.11 44.74
-30.47 44.55
-31.68 44.18
-32.76 43.60
-33.69 42.76
-34.32 41.66
-34.55 40.45
-34.24 39.20
-33.11 37.95
-30.83 36.63
-27.31 34.98
-22.73 33.01
-17.38 30.78
-11.84 28.15
-6.61 25.28
-1.58 22.27
3.29 19.12
8.05 15.83
12.68 12.39
17.18 8.81
21.45 5.20
25.29 1.86
28.77 -1.00
32.10 -3.42
35.10 -5.15
37.67 -6.42
39.89 -7.35
41.78 -7.94
43.29 -8.22
44.37 -8.26
44.95 -8.17
45.01 -8.07
44.61 -8.13
43.92 -8.60
43.09 -9.76
42.15 -11.53
41.22 -13.72
40.38 -16.23
39.72 -18.97
39.24 -21.87
38.93 -24.87
38.76 -27.93
38.68 -30.98
38.55 -33.99
38.25 -36.96
37.68 -39.91
36.79 -42.81
35.66 -45.64
34.42 -48.27
33.30 -50.56
32.46 -52.47
31.97 -53.95
31.86 -54.96
32.17 -55.46
32.90 -55.40
34.07 -54.68
35.61 -53.19
37.37 -50.91
39.19 -47.99
40.99 -44.61
42.57 -40.91
43.56 -37.06
43.92 -33.19
43.72 -29.33
43.04 -25.54
41.91 -21.88
40.37 -18.41
38.44 -15.20
36.15 -12.32
33.49 -9.84
30.51 -7.87
27.12 -6.53
23.20 -5.92
18.69 -6.08
13.49 -7.07
7.91 -8.77
2.29 -11.07
-3.58 -14.05
-9.62 -17.62
-15.65 -21.55
-21.54 -25.21
-27.20 -28.42
-32.46 -31.22
-37.21 -33.55
-41.38 -35.37
-44.84 -36.69
-47.49 -37.76
-49.79 -38.59
-51.91 -38.94
-53.82 -38.78
-55.53 -38.09
-57.08 -36.81
-58.59 -34.90
-60.10 -32.32
-61.61 -29.02
-63.13 -24.96
-64.52 -19.95
-65.48 -14.07
-65.48 -7.75
-64.40 -1.40
-62.35 5.03
-59.28 11.60
-55.09 18.33
-49.68 25.04
-43.14 31.54
-35.51 37.79
-26.76 43.73
-16.95 49.24
-6.29 54.33
4.47 59.07
14.66 63.39
24.13 67.24
32.76 70.68
40.44 73.71
47.09 76.31
52.71 78.42
57.25 80.05
60.67 81.17
62.90 81.80
63.87 82.05
63.68 82.06
62.70 81.61
61.70 80.61
60.68 79.17
59.53 77.33
58.28 75.18
56.97 72.75
55.62 70.01
54.26 66.97
52.90 63.63
51.58 60.03
50.40 56.22
49.52 52.40
48.44 48.56
46.92 44.43
44.98 40.00
42.70 35.25
40.14 30.15
37.39 24.68
34.51 18.90
31.50 12.96
28.33 6.92
24.84 0.99
20.98 -4.60
16.86 -9.62
12.85 -13.72
8.98 -17.04
5.40 -19.74
2.35 -21.98
-0.20 -23.77
-2.26 -25.08
-3.83 -25.90
-4.92 -26.24
-5.55 -26.16
-5.75 -25.72
-5.76 -24.95
-6.02 -23.90
-6.96 -22.87
-8.54 -21.92
-10.69 -21.19
-13.30 -20.81
-16.28 -20.84
-19.58 -21.30
-23.16 -22.22
-27.02 -23.63
-31.17 -25.52
-35.62 -27.93
-40.45 -30.85
-45.03 -33.85
-48.92 -36.96
-52.04 -39.91
-54.40 -42.66
-55.96 -45.13
-56.68 -47.30
-56.57 -49.14
-55.61 -50.62
-53.68 -51.65
-50.92 -52.29
-48.26 -52.37
-45.70 -51.90
-43.16 -50.97
-40.55 -49.59
-37.80 -47.70
-34.95 -45.08
-32.07 -41.70
-29.28 -37.69
-26.29 -33.01
-22.42 -27.92
-17.76 -22.44
-12.49 -16.75
-6.77 -11.01
-0.66 -5.25
5.93 0.13
12.95 4.83
20.21 8.85
27.35 12.22
33.49 15.15
38.76 17.63
43.21 19.65
46.88 21.21
49.85 22.30
52.24 22.99
53.81 23.34
54.44 23.40
54.48 23.07
54.79 22.14
55.19 20.69
55.65 18.79
56.19 16.47
56.83 13.83
57.50 11.02
58.24 8.14
58.15 5.45
56.93 2.81
54.63 0.17
51.25 -2.45
46.79 -5.05
41.25 -7.61
34.56 -10.13
26.59 -12.61
17.28 -15.25
7.84 -18.10
-1.33 -20.81
-10.13 -23.19
-18.46 -25.16
-26.25 -26.68
-33.17 -27.88
-38.77 -28.82
-42.95 -29.44
-45.57 -29.55
-47.51 -29.19
-49.01 -28.74
-50.01 -28.20
-50.48 -27.57
-50.44 -26.85
-49.88 -26.01
-48.81 -25.05
-47.26 -23.97
-45.24 -22.77
-42.83 -21.55
-39.34 -20.11
-34.74 -18.07
-29.24 -15.44
-22.98 -12.24
-16.07 -8.47
-8.65 -4.13
-1.11 0.70
6.34 5.83
13.68 11.26
20.32 16.41
26.22 21.02
31.45 25.10
36.00 28.65
39.84 31.67
42.94 34.20
45.30 36.27
46.89 37.91
47.71 39.11
47.76 39.88
47.01 40.19
45.35 40.00
42.82 39.70
40.18 39.38
37.38 38.81
34.35 37.89
31.04 36.58
27.43 34.90
23.53 32.91
19.35 30.68
15.16 28.46
11.26 26.47
7.77 24.82
4.84 23.74
1.76 22.86
-1.70 21.97
-5.41 21.12
-9.32 20.37
-13.33 19.79
-17.35 19.45
-21.23 19.38
-24.87 19.54
-28.21 19.90
-31.25 20.44
-34.00 21.17
-36.49 22.06
-38.72 23.12
-40.71 24.31
-42.49 25.59
-44.03 26.80
-44.67 28.24
-44.29 30.05
-43.05 32.03
-41.03 34.03
-38.40 35.75
-35.53 36.93
-32.62 37.61
-29.76 37.70
-27.05 37.21
-24.43 36.28
-21.81 35.05
-19.10 33.66
-16.23 32.28
-13.64 30.54
-11.30 28.04
-9.11 24.83
-7.05 20.94
-5.19 16.53
-3.59 11.78
-2.31 6.77
-1.38 1.54
-0.86 -3.87
-0.83 -9.42
-1.43 -15.07
-2.73 -20.78
-4.79 -26.48
-7.63 -32.02
-11.01 -36.82
-14.22 -40.47
-16.95 -43.14
-19.14 -44.99
-20.83 -46.12
-22.00 -46.56
-22.59 -46.30
-22.66 -45.37
-22.29 -43.94
-21.49 -42.13
-20.22 -40.04
-18.48 -37.74
-16.19 -35.31
-13.31 -32.83
-9.75 -30.41
-5.40 -28.28
-0.55 -26.71
4.46 -25.63
9.51 -25.00
14.49 -24.82
19.34 -25.05
24.05 -25.62
28.61 -26.48
33.00 -27.59
37.12 -28.93
40.79 -30.48
43.83 -32.19
46.09 -33.95
47.37 -35.53
48.00 -36.72
48.33 -37.71
48.32 -38.58
47.89 -39.33
47.06 -39.91
45.87 -40.27
44.38 -40.35
42.64 -40.09
40.61 -39.52
38.14 -38.80
35.27 -38.05
32.11 -37.34
28.79 -36.69
25.37 -36.12
21.48 -35.59
16.76 -34.94
11.24 -34.17
4.98 -33.29
-1.90 -32.33
-9.07 -31.42
-16.04 -30.46
-22.66 -29.24
-28.84 -27.70
-34.59 -25.87
-40.03 -23.86
-45.27 -21.83
-50.38 -19.91
-54.97 -18.18
-58.37 -16.74
-60.88 -15.46
-62.56 -14.28
-63.45 -13.18
-63.61 -12.15
-63.09 -11.14
-61.92 -10.08
-60.09 -8.88
-57.56 -7.49
-54.27 -5.81
-50.13 -3.74
-45.05 -1.02
-39.57 2.64
-34.03 6.91
-28.63 11.55
-23.48 16.33
-18.63 21.16
-14.13 25.81
-9.91 30.14
-5.96 34.07
-2.27 37.48
1.15 40.31
4.30 42.45
7.24 43.67
10.32 44.16
13.43 44.31
16.43 44.15
19.26 43.75
21.90 43.17
24.38 42.43
26.73 41.57
28.95 40.60
31.03 39.60
32.93 38.67
34.63 38.06
36.12 37.76
37.40 37.28
38.53 36.48
39.39 35.29
39.89 33.72
40.01 31.78
39.69 29.45
38.79 26.74
37.25 23.77
35.05 20.64
32.12 17.60
28.83 15.31
25.47 13.80
22.05 12.97
18.62 12.77
15.20 13.14
11.85 14.01
8.64 15.36
5.78 17.13
3.40 19.12
1.55 21.12
0.18 22.79
-1.09 23.86
-2.65 24.46
-4.59 24.69
-6.94 24.62
-9.67 24.32
-12.74 23.85
-16.10 23.22
-19.75 22.38
-23.68 21.28
-27.89 19.88
-32.39 18.19
-37.09 16.38
-41.66 14.81
-45.57 13.43
-48.71 12.05
-51.09 10.64
-52.72 9.23
-53.56 7.85
-53.53 6.48
-52.60 5.11
-50.65 3.74
-47.61 2.25
-43.50 0.69
-38.40 -0.78
-32.63 -2.16
-26.69 -3.23
-20.88 -3.85
-15.34 -4.02
-10.21 -3.76
-5.67 -3.18
-1.87 -2.52
1.16 -2.02
3.47 -1.83
5.12 -2.03
6.13 -2.66
6.51 -3.71
6.32 -5.10
5.93 -6.85
5.53 -9.21
4.89 -12.22
3.92 -15.80
2.55 -19.87
0.80 -24.36
-1.29 -29.18
-3.68 -34.30
-6.32 -39.68
-9.11 -45.28
-12.01 -50.94
-15.27 -56.64
-18.93 -61.82
-22.58 -66.17
-26.15 -69.70
-29.64 -72.41
-33.01 -74.28
-36.22 -75.31
-39.22 -75.46
-41.89 -74.69
-44.17 -72.95
-45.99 -70.18
-47.28 -66.34
-48.05 -61.41
-48.24 -55.73
-47.83 -49.91
-47.00 -44.23
-45.84 -38.80
-44.35 -33.81
-42.47 -29.38
-40.28 -25.61
-37.85 -22.60
-35.34 -20.42
-32.82 -19.09
-30.29 -18.63
-27.77 -19.09
-25.27 -20.41
-22.78 -22.15
-20.30 -23.89
-17.83 -25.41
-15.27 -26.63
-12.56 -27.64
-9.76 -28.47
-6.85 -29.08
-3.84 -29.43
-0.74 -29.46
2.39 -29.11
5.49 -28.34
8.53 -27.18
11.43 -26.01
14.02 -25.09
16.30 -24.19
18.26 -23.17
19.93 -22.00
21.42 -20.67
22.74 -19.08
23.89 -17.15
24.88 -14.79
25.65 -11.97
26.06 -8.68
26.20 -5.00
26.12 -1.20
25.79 2.62
25.22 6.36
24.44 9.93
23.55 13.27
22.61 16.37
21.65 19.25
20.67 21.89
19.76 24.18
18.86 25.85
17.44 27.10
15.39 28.13
12.56 28.96
8.98 29.32
4.83 29.10
0.26 28.31
-4.60 27.01
-9.67 25.39
-14.94 23.84
-19.77 22.51
-23.59 21.15
-26.43 19.75
-28.35 18.31
-29.43 16.85
-29.76 15.43
-29.45 14.09
-28.56 12.85
-27.14 11.69
-25.18 10.55
-22.84 9.46
-20.86 8.75
-19.24 8.54
-17.94 8.87
-16.96 9.75
-16.33 11.19
-16.08 13.20
-16.25 15.76
-16.86 18.88
-17.85 22.59
-18.63 26.61
-19.07 30.61
-19.31 34.35
-19.39 37.75
-19.35 40.81
-19.18 43.54
-18.90 45.91
-18.48 47.87
-17.88 49.39
-17.61 50.77
-17.70 52.03
-17.91 53.01
-18.14 53.63
-18.30 53.84
-18.32 53.58
-18.12 52.82
-17.65 51.53
-16.81 49.71
-15.32 47.36
-12.91 44.30
-10.08 40.53
-7.17 36.21
-4.07 31.42
-0.75 26.44
2.61 21.36
5.92 16.16
9.08 10.80
11.77 5.27
14.10 -0.14
16.36 -5.31
18.50 -10.18
20.48 -14.64
22.25 -18.58
23.80 -21.92
25.09 -24.58
26.16 -26.47
27.08 -27.55
27.31 -28.24
26.63 -28.69
25.02 -28.97
22.47 -29.13
18.95 -29.22
14.39 -29.34
8.68 -29.68
1.92 -30.47
-5.19 -31.45
-12.26 -32.50
-19.30 -33.68
-26.34 -35.06
-33.35 -36.67
-40.31 -38.47
-47.09 -40.42
-53.52 -42.48
-59.41 -44.62
-65.00 -47.02
-70.56 -49.94
-75.78 -53.18
-80.48 -56.52
-84.60 -59.80
-88.22 -62.89
-91.49 -65.67
-94.12 -68.02
-95.77 -69.85
-96.03 -70.83
-95.02 -70.95
-93.01 -70.13
-90.23 -68.46
-86.79 -66.03
-82.79 -62.88
-78.30 -59.07
-73.42 -54.69
-68.49 -50.12
-63.76 -45.63
-59.09 -41.04
-54.55 -36.36
-50.21 -31.60
-46.12 -26.77
-42.34 -21.89
-38.91 -17.00
-35.77 -12.09
-32.73 -7.03
-30.02 -2.24
-27.77 2.09
-25.98 5.92
-24.64 9.26
-23.72 12.14
-23.19 14.61
-22.96 16.75
-22.80 18.37
-22.55 19.25
-21.88 19.97
-20.79 20.68
-19.34 21.43
-17.59 22.21
-15.55 23.03
-13.21 23.87
-10.53 24.75
-7.50 25.72
-4.28 26.49
-1.10 26.54
2.04 25.79
5.16 24.32
8.19 22.23
11.03 19.63
13.56 16.59
15.70 13.19
17.41 9.42
18.83 5.56
20.09 2.20
20.95 -0.71
21.28 -3.10
21.01 -4.80
20.18 -5.68
18.83 -5.68
16.99 -4.87
14.54 -3.67
11.38 -2.58
7.74 -1.38
3.76 0.08
-0.50 1.70
-4.88 3.32
-9.20 4.81
-13.31 6.12
-17.09 7.31
-20.42 8.64
-23.32 9.95
-25.84 10.99
-27.96 11.70
-29.65 12.05
-30.88 12.04
-31.64 11.63
-31.92 10.64
-31.74 8.83
-31.03 6.64
-29.80 4.34
-28.11 2.01
-26.02 -0.25
-23.58 -2.36
-20.79 -4.17
-17.61 -5.42
-14.17 -5.73
-10.70 -5.55
-7.28 -5.36
-3.95 -5.32
-0.72 -5.51
2.38 -6.02
5.33 -6.94
8.13 -8.37
10.80 -10.24
13.30 -11.95
15.48 -13.30
17.24 -14.39
18.51 -15.31
19.18 -16.09
19.10 -16.74
18.11 -17.14
16.18 -17.30
13.57 -17.75
10.49 -18.31
7.10 -18.80
3.56 -19.10
-0.03 -19.15
-3.39 -19.03
-6.29 -18.96
