75.00 75.00
74.55 74.49
73.81 73.55
72.76 72.19
71.41 70.39
69.75 68.17
67.78 65.50
65.49 62.40
62.86 58.85
59.89 54.84
56.55 50.37
52.83 45.42
48.70 39.98
44.11 34.04
39.03 27.57
33.36 20.56
26.99 12.97
19.80 4.96
11.91 -3.11
3.75 -10.58
-4.15 -17.33
-11.52 -23.25
-18.10 -28.22
-23.67 -32.19
-28.18 -35.26
-31.66 -37.51
-34.19 -38.98
-35.88 -39.72
-36.86 -39.78
-37.21 -39.21
-37.00 -38.06
-36.25 -36.39
-34.98 -34.24
-33.18 -31.66
-30.82 -28.68
-27.89 -25.33
-24.36 -21.63
-20.18 -17.63
-15.32 -13.37
-9.75 -8.89
-3.48 -4.29
3.47 0.35
11.10 4.89
19.32 9.14
27.95 12.90
36.74 16.05
45.46 18.55
53.93 20.42
62.00 21.70
69.62 22.44
76.67 22.65
83.11 22.38
88.88 21.69
93.97 20.63
98.36 19.23
102.03 17.52
104.98 15.53
107.17 13.29
108.60 10.84
109.24 8.19
109.08 5.37
108.09 2.41
106.24 -0.67
103.46 -3.82
99.69 -6.98
94.91 -10.08
89.07 -13.03
82.19 -15.78
74.29 -18.17
65.47 -20.01
55.88 -21.22
45.74 -21.71
35.36 -21.39
25.03 -20.24
14.96 -18.26
5.34 -15.44
-3.70 -11.86
-12.06 -7.61
-19.67 -2.82
-26.48 2.31
-32.49 7.58
-37.77 12.86
-42.38 18.04
-46.35 23.03
-49.65 27.74
-52.22 32.12
-54.03 36.19
-55.09 39.93
-55.43 43.33
-55.07 46.36
-54.03 49.01
-52.32 51.23
-49.97 53.00
-47.00 54.29
-43.42 55.06
-39.24 55.28
-34.48 54.91
-29.15 53.92
-23.26 52.25
-16.82 49.87
-9.85 46.72
-2.36 42.74
5.61 37.90
13.63 32.38
21.42 26.16
28.89 19.19
35.98 11.55
42.61 3.29
48.60 -5.48
53.62 -14.47
57.60 -23.18
60.63 -31.29
62.72 -38.69
63.94 -45.30
64.36 -51.09
64.07 -56.05
63.13 -60.18
61.58 -63.49
59.47 -65.98
56.83 -67.65
53.67 -68.51
50.05 -68.55
45.99 -67.78
41.56 -66.18
36.90 -63.76
32.18 -60.54
27.50 -56.64
22.88 -52.17
18.27 -47.21
13.65 -41.81
8.94 -36.04
4.12 -30.00
-0.84 -23.78
-5.91 -17.51
-11.09 -11.32
-16.45 -5.31
-21.62 0.14
-26.34 4.78
-30.54 8.69
-34.19 11.91
-37.28 14.48
-39.85 16.44
-41.94 17.80
-43.59 18.57
-44.91 18.78
-46.13 18.62
-47.21 18.17
-48.06 17.37
-48.74 16.34
-49.22 15.21
-49.44 14.02
-49.37 12.80
-48.98 11.56
-48.20 10.33
-46.96 9.10
-45.23 7.88
-43.05 6.68
-40.46 5.60
-37.40 4.69
-33.80 4.01
-29.57 3.59
-24.65 3.44
-19.01 3.60
-12.65 4.13
-5.60 5.18
1.98 6.93
9.80 9.51
17.62 12.87
25.20 16.57
32.31 20.22
38.87 23.50
44.88 26.33
50.33 28.67
55.21 30.46
59.59 31.71
63.48 32.42
66.92 32.60
69.93 32.27
72.51 31.42
74.69 30.08
76.46 28.23
77.85 25.84
78.66 22.94
78.76 19.66
78.21 16.07
77.01 12.22
75.20 8.18
72.88 4.05
70.25 -0.14
67.38 -4.42
64.33 -8.69
61.10 -12.76
57.73 -16.31
54.35 -19.16
51.18 -21.41
48.42 -23.18
46.26 -24.47
44.61 -25.26
43.40 -25.59
42.53 -25.50
41.95 -25.01
41.58 -24.15
41.38 -22.96
41.32 -21.47
41.39 -19.71
41.58 -17.76
41.88 -15.68
42.24 -13.55
42.63 -11.44
43.02 -9.42
43.37 -7.53
43.65 -5.81
43.80 -4.30
43.79 -3.02
43.56 -2.01
43.08 -1.31
42.38 -0.99
41.46 -1.05
40.33 -1.51
38.99 -2.37
37.39 -3.59
35.48 -5.14
33.18 -6.95
30.45 -8.96
27.29 -11.12
23.71 -13.37
19.76 -15.64
15.49 -17.82
10.95 -19.85
6.21 -21.68
1.30 -23.28
-3.75 -24.73
-8.82 -26.10
-13.63 -27.33
-17.95 -28.24
-21.59 -28.61
-24.66 -28.38
-27.23 -27.55
-29.33 -26.13
-30.98 -24.11
-32.18 -21.54
-33.01 -18.44
-33.57 -14.83
-33.96 -10.73
-34.22 -6.16
-34.16 -1.17
-33.64 3.95
-33.01 8.86
-32.41 13.42
-31.89 17.56
-31.57 21.22
-31.21 24.47
-30.71 27.47
-30.06 30.32
-29.28 33.03
-28.48 35.52
-27.73 37.76
-27.02 39.72
-26.35 41.39
-25.69 42.74
-25.04 43.74
-24.39 44.34
-23.67 44.47
-22.71 44.05
-21.18 43.01
-19.16 41.58
-17.04 40.14
-14.98 38.75
-13.03 37.44
-11.27 36.29
-9.84 35.32
-8.86 34.41
-8.26 33.47
-8.02 32.49
-8.08 31.47
-8.43 30.44
-9.00 29.41
-9.73 28.45
-10.54 27.66
-11.36 27.18
-12.24 27.09
-13.39 27.41
-14.93 28.05
-16.64 28.92
-18.06 29.61
-19.04 29.94
-19.54 29.92
-19.55 29.53
-19.04 28.77
-18.00 27.63
-16.40 26.11
-14.25 24.19
-11.56 21.85
-8.37 19.12
-4.68 16.10
-0.48 12.96
4.10 9.79
8.92 6.57
13.93 3.28
19.06 -0.11
24.20 -3.68
29.34 -7.53
34.49 -11.61
39.76 -15.76
45.13 -19.63
50.23 -23.03
54.80 -26.02
58.79 -28.68
62.20 -31.06
65.08 -33.15
67.59 -34.86
69.69 -36.18
71.31 -37.20
72.40 -37.99
72.87 -38.63
72.65 -39.17
71.70 -39.62
70.01 -40.00
67.62 -40.31
64.58 -40.54
60.91 -40.69
56.66 -40.76
51.86 -40.79
46.60 -40.88
41.09 -41.09
35.53 -41.38
30.18 -41.74
25.25 -42.16
20.83 -42.57
16.88 -42.89
13.38 -43.07
10.28 -43.08
7.55 -42.91
5.17 -42.55
3.12 -41.99
1.38 -41.22
-0.05 -40.25
-1.16 -39.08
-1.93 -37.71
-2.31 -36.12
-2.30 -34.32
-1.85 -32.30
-0.98 -30.06
0.23 -27.60
1.53 -24.98
2.79 -22.26
3.78 -19.42
4.20 -16.47
3.64 -13.60
1.97 -11.19
-0.58 -9.31
-3.79 -7.87
-7.43 -6.79
-11.31 -5.99
-15.29 -5.42
-19.25 -5.03
-23.11 -4.82
-26.85 -4.83
-30.45 -5.04
-33.94 -5.47
-37.34 -6.11
-40.72 -6.94
-44.13 -7.93
-47.57 -9.02
-51.05 -10.17
-54.56 -11.39
-58.09 -12.67
-61.48 -13.93
-64.57 -14.70
-66.97 -14.48
-68.48 -13.32
-69.07 -11.29
-68.72 -8.42
-67.37 -4.75
-65.00 -0.35
-61.61 4.66
-57.20 10.18
-51.74 16.17
-45.11 22.54
-37.52 29.06
-29.16 35.75
-20.12 42.54
-10.51 49.34
-0.48 56.02
9.80 62.48
20.24 68.69
30.75 74.66
41.22 80.33
51.61 85.54
61.77 89.89
71.22 93.13
79.71 95.38
87.26 96.76
93.88 97.36
99.59 97.24
104.42 96.45
108.36 95.01
111.43 92.95
113.63 90.30
114.94 87.08
115.36 83.30
114.87 78.96
113.42 74.09
110.97 68.73
107.48 62.92
102.94 56.71
97.30 50.13
90.54 43.22
82.60 36.02
73.40 28.59
62.91 21.04
51.17 13.43
38.26 5.80
24.55 -1.61
10.49 -8.65
-3.20 -15.11
-16.14 -21.01
-28.10 -26.36
-38.99 -31.16
-48.80 -35.42
-57.56 -39.19
-65.30 -42.50
-72.02 -45.37
-77.72 -47.81
-82.41 -49.82
-86.08 -51.39
-88.73 -52.48
-90.37 -53.10
-90.99 -53.26
-90.58 -52.96
-89.15 -52.23
-86.66 -51.12
-83.12 -49.67
-78.51 -47.97
-72.87 -46.08
-66.23 -44.04
-58.69 -41.88
-50.40 -39.60
-41.49 -37.02
-32.63 -34.09
-24.21 -31.31
-16.16 -28.84
-8.63 -26.72
-1.65 -24.86
4.80 -23.21
10.75 -21.75
16.23 -20.45
21.22 -19.31
25.72 -18.31
29.72 -17.44
33.19 -16.69
36.14 -16.09
38.45 -15.69
39.95 -15.39
40.57 -15.06
40.26 -14.60
38.96 -13.98
36.63 -13.23
33.30 -12.43
29.02 -11.62
23.90 -10.85
18.02 -10.11
11.49 -9.30
4.73 -8.17
-1.71 -6.82
-7.69 -5.39
-13.16 -3.91
-18.12 -2.38
-22.54 -0.84
-26.40 0.69
-29.64 2.21
-32.23 3.69
-34.15 5.10
-35.39 6.40
-35.94 7.56
-35.77 8.51
-34.90 9.20
-33.34 9.57
-31.17 9.55
-28.45 9.09
-25.24 8.23
-21.52 7.02
-17.30 5.51
-12.60 3.75
-7.47 1.71
-1.97 -0.60
3.83 -3.20
9.90 -6.06
16.06 -9.17
22.15 -12.42
27.84 -15.76
32.23 -18.99
35.52 -22.05
37.76 -24.86
38.94 -27.32
39.10 -29.33
38.27 -30.80
36.53 -31.64
33.93 -31.77
30.49 -31.13
26.25 -29.66
21.51 -27.48
16.59 -24.81
11.50 -21.73
6.27 -18.27
0.91 -14.47
-4.60 -10.41
-10.23 -6.22
-15.73 -2.21
-21.14 1.53
-26.26 4.99
-30.86 7.95
-34.84 10.31
-38.09 12.07
-40.53 13.30
-42.12 14.04
-42.90 14.34
-42.87 14.27
-42.07 13.84
-40.55 13.11
-38.31 12.09
-35.40 10.83
-31.81 9.37
-27.54 7.79
-22.55 6.22
-16.88 4.81
-10.73 3.69
-4.38 2.89
1.96 2.45
8.24 2.40
14.43 2.76
20.52 3.57
26.38 4.93
31.84 6.90
36.77 9.45
41.02 12.50
44.42 15.96
46.88 19.75
48.35 23.80
48.80 28.06
48.17 32.46
46.42 36.90
43.60 41.28
39.82 45.49
35.30 49.42
30.25 52.84
24.81 55.68
19.05 57.94
13.04 59.63
6.87 60.71
0.68 61.14
-5.32 60.93
-10.99 60.12
-16.26 58.77
-21.13 56.92
-25.58 54.62
-29.63 51.90
-33.27 48.77
-36.41 45.22
-38.97 41.31
-40.95 37.10
-42.36 32.71
-43.20 28.31
-43.47 24.09
-43.27 20.20
-42.88 16.67
-42.48 13.48
-42.03 10.66
-41.53 8.20
-41.02 6.00
-40.48 3.94
-39.86 1.95
-39.14 -0.00
-38.28 -1.96
-37.26 -3.93
-36.03 -5.91
-34.57 -7.77
-32.93 -9.44
-31.17 -10.95
-29.30 -12.33
-27.33 -13.63
-25.29 -14.86
-23.21 -15.98
-20.99 -16.94
-18.65 -17.92
-16.28 -19.18
-13.95 -20.85
-11.56 -22.88
-8.92 -25.16
-5.88 -27.50
-2.50 -29.76
1.11 -31.84
4.74 -33.66
8.16 -35.24
11.27 -36.58
14.04 -37.63
16.58 -38.35
18.95 -38.84
21.10 -39.18
22.93 -39.41
24.42 -39.55
25.56 -39.63
26.31 -39.64
26.69 -39.58
26.72 -39.40
26.47 -39.07
26.01 -38.61
25.44 -38.02
24.82 -37.33
24.23 -36.56
23.74 -35.77
23.42 -35.07
23.32 -34.57
23.44 -34.30
23.77 -34.20
24.33 -34.22
25.07 -34.34
25.94 -34.62
26.97 -35.00
28.08 -35.44
29.11 -35.94
29.94 -36.47
30.50 -36.99
30.73 -37.48
30.59 -37.93
30.07 -38.32
29.16 -38.65
27.88 -38.89
26.23 -38.99
24.19 -38.90
21.73 -38.56
18.75 -37.93
15.14 -37.00
10.82 -35.81
5.98 -34.22
0.49 -32.22
-5.60 -29.74
-11.91 -26.73
-18.20 -23.39
-24.34 -19.91
-30.25 -16.41
-35.87 -12.97
-41.16 -9.65
-46.06 -6.50
-50.57 -3.53
-54.65 -0.77
-58.31 1.77
-61.51 4.09
-64.23 6.14
-66.43 7.89
-68.10 9.30
-69.20 10.34
-69.58 11.02
-69.02 11.42
-67.37 11.60
-64.53 11.58
-60.44 11.44
-55.12 11.26
-48.69 11.10
-41.37 11.01
-33.45 11.06
-25.11 11.33
-16.52 11.83
-7.84 12.49
0.71 13.31
9.07 14.32
17.15 15.51
24.77 16.93
31.76 18.65
38.05 20.75
43.61 23.21
48.40 25.99
52.40 29.01
55.59 32.20
57.98 35.48
59.60 38.73
60.45 41.82
60.52 44.56
59.79 46.91
58.33 48.88
56.22 50.46
53.54 51.60
50.37 52.28
46.76 52.43
42.76 52.01
38.41 50.94
33.75 49.14
28.80 46.52
23.64 43.06
18.39 38.90
13.19 34.21
8.19 29.13
3.53 23.82
-0.71 18.45
-4.49 13.17
-7.80 8.14
-10.61 3.47
-12.98 -0.70
-14.98 -4.25
-16.69 -7.06
-18.12 -9.11
-19.29 -10.43
-20.25 -11.02
-21.03 -10.90
-21.67 -10.08
-22.23 -8.60
-22.75 -6.46
-23.29 -3.63
-23.85 -0.09
-24.46 4.13
-25.16 8.90
-26.18 14.05
-27.64 19.29
-29.44 24.25
-31.36 28.61
-33.28 32.22
-35.13 35.02
-36.81 36.98
-38.23 38.05
-39.29 38.21
-39.91 37.40
-39.89 35.65
-39.18 33.02
-37.90 29.55
-36.04 25.50
-33.57 20.84
-30.58 15.53
-27.15 9.58
-23.30 3.10
-19.06 -3.53
-14.69 -9.82
-10.45 -15.79
-6.41 -21.50
-2.59 -26.92
0.99 -31.97
4.21 -36.60
6.82 -40.70
8.74 -44.12
9.98 -46.85
10.55 -48.90
10.45 -50.25
9.71 -50.87
8.34 -50.74
6.35 -49.87
3.71 -48.24
0.29 -45.90
-4.00 -43.22
-8.94 -40.67
-14.23 -38.42
-19.70 -36.46
-25.26 -34.76
-30.83 -33.30
-36.33 -32.11
-41.64 -31.23
-46.60 -30.71
-51.08 -30.55
-54.97 -30.71
-58.20 -31.12
-60.60 -31.73
-62.05 -32.78
-62.64 -34.33
-62.36 -36.35
-61.13 -38.81
-58.88 -41.66
-55.50 -44.76
-50.99 -47.87
-45.53 -50.63
-39.52 -52.80
-33.25 -54.40
-26.98 -55.46
-20.89 -55.92
-15.10 -55.68
-9.73 -54.66
-4.86 -52.97
-0.49 -50.60
3.37 -47.58
6.72 -43.95
9.51 -39.70
11.63 -35.00
13.09 -30.14
13.83 -25.24
13.79 -20.39
12.98 -15.67
11.45 -11.26
9.36 -7.25
6.89 -3.70
4.26 -0.59
1.65 2.06
-0.74 4.20
-2.77 5.72
-4.32 6.60
-5.32 6.89
-5.72 6.65
-5.49 5.95
-4.56 4.84
-2.85 3.38
-0.38 1.64
2.73 -0.31
6.38 -2.39
10.50 -4.48
14.99 -6.45
19.72 -8.18
24.50 -9.57
29.14 -10.55
33.42 -11.09
37.13 -11.20
40.16 -10.86
42.42 -10.07
43.84 -8.84
44.37 -7.16
43.97 -5.05
42.60 -2.53
40.25 0.38
36.92 3.67
32.70 7.25
27.65 11.02
21.78 14.94
15.14 19.00
7.85 23.13
0.03 27.22
-8.15 31.15
-16.50 34.82
-24.79 38.16
-32.80 41.17
-40.36 43.85
-47.33 46.22
-53.62 48.29
-59.18 50.08
-63.99 51.58
-68.04 52.75
-71.34 53.55
-73.86 53.96
-75.59 53.97
-76.49 53.56
-76.53 52.76
-75.70 51.59
-74.01 50.09
-71.46 48.25
-68.06 46.12
-63.81 43.70
-58.73 41.05
-52.84 38.20
-46.20 35.24
-38.90 32.28
-31.10 29.49
-22.95 27.06
-14.66 25.09
-6.45 23.58
1.51 22.48
9.18 21.70
16.57 21.19
23.67 20.91
30.30 20.81
36.28 20.92
41.48 21.23
45.81 21.71
49.22 22.33
51.71 23.02
53.29 23.76
53.96 24.49
53.72 25.20
52.59 25.82
50.56 26.31
47.65 26.60
43.90 26.59
39.39 26.15
34.22 25.07
28.52 23.21
22.38 20.48
15.91 16.89
9.23 12.51
2.49 7.46
-4.10 1.93
-10.38 -3.97
-16.26 -10.11
-21.68 -16.42
-26.61 -22.81
-31.03 -29.19
-34.92 -35.45
-38.29 -41.52
-41.13 -47.32
-43.46 -52.78
-45.29 -57.83
-46.65 -62.41
-47.56 -66.42
-48.06 -69.78
-48.17 -72.39
-47.94 -74.17
-47.46 -75.05
-46.80 -74.99
-46.07 -73.99
-45.37 -72.11
-44.76 -69.44
-44.30 -66.10
-44.05 -62.22
-44.10 -57.94
-44.50 -53.39
-45.25 -48.66
-46.36 -43.82
-47.80 -38.94
-49.43 -34.10
-51.12 -29.42
-52.85 -25.01
-54.62 -20.96
-56.44 -17.30
-58.28 -14.11
-60.15 -11.43
-62.03 -9.30
-63.90 -7.76
-65.76 -6.84
-67.54 -6.53
-69.17 -6.82
-70.58 -7.67
-71.66 -9.01
-72.36 -10.71
-72.67 -12.59
-72.55 -14.48
-71.86 -16.28
-70.54 -17.97
-68.57 -19.51
-65.91 -20.89
-62.51 -22.11
-58.44 -23.07
-53.88 -23.59
-48.89 -23.60
-43.57 -23.05
-38.00 -21.90
-32.23 -20.13
-26.33 -17.72
-20.34 -14.70
-14.31 -11.10
-8.28 -6.99
-2.31 -2.40
3.51 2.61
9.05 8.00
14.16 13.66
18.65 19.43
22.41 25.08
25.38 30.40
27.63 35.21
29.24 39.37
30.28 42.80
30.80 45.41
30.75 47.17
29.97 48.02
28.44 47.90
26.21 46.81
23.34 44.75
19.88 41.75
15.86 37.83
11.37 33.05
6.48 27.43
1.23 21.11
-4.14 14.34
-9.29 7.25
-13.89 0.07
-17.79 -6.93
-20.99 -13.51
-23.57 -19.56
-25.61 -25.00
-27.16 -29.81
-28.28 -33.95
-28.96 -37.42
-29.09 -40.19
-28.69 -42.17
-27.83 -43.35
-26.56 -43.68
-24.96 -43.16
-23.10 -41.77
-21.04 -39.52
-18.84 -36.38
-16.56 -32.35
-14.26 -27.38
-12.18 -21.34
-10.54 -14.68
-9.31 -7.62
-8.68 -0.23
-8.76 7.08
-9.28 13.85
-9.95 19.93
-10.65 25.32
-11.32 30.01
-11.91 34.00
-12.40 37.27
-12.77 39.81
-12.99 41.59
-13.07 42.60
-12.99 42.81
-12.72 42.20
-12.27 40.74
-11.61 38.40
-10.74 35.16
-9.62 30.98
-8.25 25.80
-6.61 19.62
-4.66 12.48
-2.35 4.51
0.34 -4.19
3.25 -13.54
5.85 -23.16
7.86 -32.45
