-500.00 -100.00
-498.96 -99.96
-497.85 -99.86
-496.65 -99.68
-495.38 -99.43
-494.03 -99.10
-492.60 -98.71
-491.10 -98.24
-489.52 -97.70
-487.86 -97.09
-486.12 -96.40
-484.30 -95.64
-482.40 -94.81
-480.43 -93.91
-478.37 -92.93
-476.24 -91.88
-474.03 -90.75
-471.73 -89.55
-469.36 -88.28
-466.91 -86.93
-464.38 -85.50
-461.77 -84.00
-459.07 -82.42
-456.30 -80.76
-453.44 -79.03
-450.51 -77.22
-447.49 -75.33
-444.39 -73.36
-441.21 -71.30
-437.94 -69.17
-434.60 -66.96
-431.16 -64.66
-427.65 -62.28
-424.05 -59.82
-420.37 -57.27
-416.60 -54.63
-412.75 -51.90
-408.81 -49.09
-404.79 -46.18
-400.68 -43.18
-396.49 -40.09
-392.21 -36.90
-387.84 -33.62
-383.39 -30.24
-378.85 -26.77
-374.23 -23.21
-369.54 -19.58
-365.01 -15.81
-360.58 -11.52
-356.01 -6.66
-351.16 -1.26
-345.96 4.26
-340.52 9.38
-334.96 14.24
-329.29 18.91
-323.51 23.41
-317.64 27.77
-311.66 32.00
-305.59 36.12
-299.42 40.12
-293.16 44.02
-286.79 47.83
-280.33 51.54
-273.77 55.16
-267.11 58.70
-260.36 62.15
-253.50 65.52
-246.54 68.81
-239.47 72.02
-232.31 75.16
-225.04 78.22
-217.67 81.20
-210.19 84.12
-202.60 86.96
-194.91 89.73
-187.10 92.43
-179.19 95.05
-171.16 97.61
-163.02 100.09
-154.77 102.51
-146.40 104.85
-137.92 107.13
-129.32 109.33
-120.60 111.46
-111.76 113.53
-102.80 115.52
-93.73 117.44
-84.53 119.30
-75.20 121.09
-65.76 122.81
-56.20 124.47
-46.53 126.08
-36.75 127.65
-26.89 129.21
-17.07 130.70
-7.27 131.84
2.77 132.49
12.74 132.66
22.54 132.44
32.19 131.87
41.71 130.97
51.10 129.74
60.38 128.22
69.54 126.40
78.59 124.29
87.53 121.91
96.36 119.25
105.08 116.33
113.70 113.16
122.21 109.73
130.61 106.04
138.92 102.11
147.13 97.93
155.24 93.51
163.26 88.84
171.19 83.93
179.03 78.77
186.78 73.36
194.45 67.70
202.04 61.79
209.55 55.61
216.99 49.16
224.36 42.43
231.67 35.40
238.93 28.05
246.14 20.36
253.34 12.26
260.64 3.72
268.15 -4.91
275.71 -13.21
283.14 -21.38
290.29 -29.42
297.11 -37.17
303.69 -44.59
310.07 -51.70
316.28 -58.52
322.32 -65.07
328.22 -71.35
333.97 -77.38
339.58 -83.17
345.06 -88.73
350.41 -94.07
355.64 -99.18
360.74 -104.08
365.72 -108.76
370.59 -113.24
375.34 -117.52
379.97 -121.60
384.50 -125.48
388.91 -129.16
393.21 -132.65
397.41 -135.95
401.51 -139.07
405.50 -141.99
409.38 -144.73
413.17 -147.29
416.85 -149.66
420.44 -151.85
423.93 -153.87
427.32 -155.70
430.61 -157.35
433.81 -158.82
436.92 -160.11
439.93 -161.23
442.85 -162.17
445.68 -162.93
448.41 -163.51
451.06 -163.91
453.62 -164.14
456.09 -164.19
458.47 -164.06
460.76 -163.75
462.97 -163.26
465.10 -162.59
467.13 -161.73
469.09 -160.70
470.96 -159.47
472.76 -158.06
474.47 -156.46
476.10 -154.68
477.66 -152.69
479.14 -150.51
480.55 -148.13
481.88 -145.54
483.15 -142.74
484.36 -139.73
485.51 -136.48
486.62 -133.00
487.71 -129.27
488.81 -125.28
490.04 -121.09
491.37 -116.89
492.69 -112.74
493.96 -108.61
495.14 -104.50
496.24 -100.37
497.24 -96.23
498.15 -92.06
498.96 -87.85
499.67 -83.60
500.27 -79.30
500.78 -74.94
501.17 -70.52
501.47 -66.03
501.65 -61.47
501.73 -56.84
501.70 -52.11
501.56 -47.29
501.32 -42.38
500.96 -37.35
500.49 -32.20
499.90 -26.92
499.20 -21.49
498.39 -15.89
497.45 -10.08
496.41 -3.99
495.42 2.54
494.50 8.98
493.48 15.15
492.31 21.10
490.98 26.87
489.43 32.45
487.69 37.77
485.78 42.81
483.73 47.57
481.56 52.07
479.28 56.32
476.89 60.31
474.39 64.06
471.79 67.57
469.09 70.84
466.29 73.86
463.41 76.65
460.43 79.19
457.38 81.48
454.27 83.52
451.12 85.30
447.97 86.84
444.85 88.16
441.79 89.32
438.78 90.39
435.79 91.39
432.79 92.34
429.77 93.25
426.71 94.10
423.60 94.92
420.43 95.68
417.20 96.39
413.91 97.05
410.54 97.66
407.09 98.21
403.57 98.71
399.97 99.15
396.28 99.53
392.50 99.85
388.63 100.11
384.68 100.31
380.63 100.45
376.49 100.52
372.25 100.53
367.91 100.48
363.48 100.36
358.94 100.18
354.31 99.93
349.57 99.61
344.72 99.23
339.77 98.78
334.72 98.25
329.55 97.66
324.28 97.00
318.90 96.27
313.40 95.46
307.79 94.59
302.07 93.64
296.23 92.61
290.27 91.51
284.19 90.33
278.00 89.08
271.68 87.74
265.24 86.33
258.67 84.84
251.98 83.26
245.16 81.61
238.21 79.86
231.13 78.04
223.92 76.12
216.57 74.11
209.08 72.02
201.45 69.83
193.69 67.54
185.77 65.16
177.72 62.68
169.51 60.09
161.15 57.40
152.63 54.60
143.96 51.68
135.12 48.65
126.12 45.50
116.94 42.21
107.59 38.80
98.06 35.24
88.35 31.53
78.45 27.66
68.35 23.62
58.04 19.39
47.54 14.95
36.83 10.28
25.92 5.33
14.87 0.02
3.74 -5.35
-7.43 -10.64
-18.27 -15.80
-28.71 -20.79
-38.81 -25.36
-48.61 -29.48
-58.15 -33.19
-67.44 -36.50
-76.48 -39.41
-85.16 -41.94
-93.49 -44.36
-101.62 -46.72
-109.59 -48.98
-117.40 -51.14
-125.07 -53.20
-132.60 -55.15
-140.00 -56.99
-147.28 -58.72
-154.43 -60.34
-161.48 -61.86
-168.41 -63.27
-175.23 -64.58
-181.95 -65.78
-188.57 -66.87
-195.09 -67.86
-201.52 -68.75
-207.85 -69.54
-214.08 -70.23
-220.23 -70.82
-226.29 -71.30
-232.27 -71.69
-238.16 -71.98
-243.96 -72.17
-249.69 -72.26
-255.33 -72.25
-260.89 -72.14
-266.38 -71.94
-271.79 -71.64
-277.13 -71.23
-282.39 -70.73
-287.57 -70.13
-292.68 -69.44
-297.73 -68.64
-302.70 -67.74
-307.60 -66.74
-312.43 -65.64
-317.19 -64.43
-321.89 -63.12
-326.51 -61.71
-331.07 -60.19
-335.57 -58.56
-340.00 -56.83
-344.36 -54.98
-348.67 -53.01
-352.90 -50.94
-357.08 -48.74
-361.19 -46.42
-365.24 -43.97
-369.22 -41.39
-373.15 -38.67
-377.01 -35.81
-380.81 -32.80
-384.54 -29.63
-388.21 -26.29
-391.81 -22.75
-395.34 -19.00
-398.80 -15.01
-402.29 -10.74
-405.77 -6.44
-409.07 -2.21
-412.15 1.92
-415.04 5.89
-417.74 9.71
-420.29 13.37
-422.70 16.89
-424.97 20.26
-427.12 23.49
-429.15 26.59
-431.06 29.55
-432.86 32.40
-434.55 35.12
-436.14 37.72
-437.62 40.21
-439.01 42.59
-440.29 44.85
-441.47 47.01
-442.56 49.06
-443.55 51.01
-444.45 52.85
-445.26 54.60
-445.98 56.24
-446.60 57.79
-447.14 59.24
-447.58 60.59
-447.94 61.85
-448.21 63.01
-448.40 64.09
-448.50 65.07
-448.52 65.96
-448.46 66.76
-448.31 67.47
-448.08 68.10
-447.77 68.64
-447.38 69.09
-446.90 69.46
-446.36 69.74
-445.73 69.94
-445.03 70.06
-444.25 70.09
-443.39 70.05
-442.46 69.92
-441.46 69.72
-440.39 69.43
-439.25 69.07
-438.04 68.64
-436.76 68.12
-435.42 67.54
-434.02 66.88
-432.56 66.16
-431.04 65.36
-429.48 64.50
-427.88 63.58
-426.26 62.60
-424.63 61.55
-423.03 60.42
-421.49 59.16
-420.01 57.70
-418.55 55.99
-417.07 54.01
-415.56 51.77
-414.00 49.23
-412.37 46.39
-410.55 43.27
-408.52 40.06
-406.38 36.78
-404.14 33.40
-401.83 29.93
-399.44 26.34
-396.99 22.62
-394.48 18.78
-391.93 14.80
-389.36 10.69
-386.79 6.45
-384.24 2.10
-381.71 -2.30
-379.18 -6.74
-376.61 -11.22
-373.94 -15.77
-371.03 -20.29
-367.94 -24.58
-364.74 -28.68
-361.42 -32.61
-357.98 -36.40
-354.44 -40.05
-350.78 -43.57
-347.01 -46.97
-343.13 -50.25
-339.13 -53.42
-335.02 -56.48
-330.80 -59.44
-326.46 -62.30
-322.00 -65.05
-317.42 -67.71
-312.73 -70.27
-307.91 -72.73
-302.98 -75.11
-297.92 -77.39
-292.75 -79.58
-287.45 -81.68
-282.04 -83.69
-276.49 -85.61
-270.83 -87.45
-265.04 -89.19
-259.12 -90.85
-253.08 -92.42
-246.91 -93.90
-240.62 -95.30
-234.19 -96.61
-227.64 -97.83
-220.95 -98.96
-214.14 -100.01
-207.19 -100.96
-200.10 -101.83
-192.88 -102.61
-185.52 -103.29
-178.03 -103.89
-170.39 -104.39
-162.61 -104.80
-154.69 -105.12
-146.63 -105.34
-138.41 -105.46
-130.05 -105.48
-121.53 -105.40
-112.86 -105.22
-104.03 -104.93
-95.04 -104.54
-85.88 -104.03
-76.56 -103.40
-67.06 -102.66
-57.39 -101.79
-47.54 -100.78
-37.50 -99.64
-27.27 -98.36
-16.85 -96.93
-6.24 -95.37
4.49 -93.69
15.21 -92.03
25.71 -90.39
35.99 -88.62
46.08 -86.72
55.99 -84.70
65.72 -82.56
75.29 -80.31
84.70 -77.94
93.95 -75.47
103.05 -72.89
112.00 -70.20
120.81 -67.41
129.47 -64.51
137.98 -61.50
146.36 -58.39
154.59 -55.17
162.67 -51.84
170.62 -48.39
178.41 -44.82
186.06 -41.13
193.55 -37.29
200.88 -33.30
208.00 -29.13
214.82 -24.85
221.39 -20.60
227.75 -16.36
233.91 -12.10
239.83 -7.79
245.47 -3.40
250.76 0.99
255.73 5.33
260.44 9.65
264.93 13.98
269.25 18.40
273.49 22.94
277.73 27.41
281.87 31.69
285.90 35.85
289.83 39.88
293.65 43.81
297.38 47.64
301.01 51.38
304.55 55.02
308.00 58.57
311.36 62.04
314.64 65.42
317.83 68.72
320.94 71.93
323.97 75.07
326.91 78.13
329.78 81.10
332.57 84.00
335.28 86.82
337.91 89.57
340.46 92.24
342.94 94.83
345.34 97.36
347.67 99.80
349.92 102.18
352.10 104.48
354.20 106.70
356.24 108.86
358.19 110.94
360.08 112.95
361.89 114.89
363.63 116.76
365.30 118.56
366.90 120.29
368.43 121.95
369.89 123.54
371.27 125.05
372.59 126.50
373.84 127.88
375.01 129.19
376.12 130.43
377.16 131.60
378.12 132.70
379.02 133.74
379.85 134.70
380.61 135.60
381.31 136.42
381.93 137.18
382.48 137.87
382.97 138.49
383.39 139.05
383.74 139.53
384.02 139.95
384.23 140.29
384.38 140.57
384.45 140.78
384.46 140.92
384.40 140.99
384.27 141.00
384.07 140.93
383.81 140.80
383.47 140.59
383.07 140.32
382.60 139.98
382.06 139.57
381.45 139.08
380.77 138.53
380.02 137.91
379.20 137.22
378.31 136.46
377.35 135.63
376.31 134.72
375.21 133.75
374.04 132.71
372.79 131.59
371.48 130.40
370.09 129.15
368.62 127.82
367.09 126.41
365.48 124.94
363.79 123.39
362.03 121.77
360.20 120.08
358.29 118.31
356.30 116.47
354.24 114.56
352.10 112.57
349.88 110.51
347.58 108.37
345.20 106.16
342.75 103.87
340.21 101.50
337.59 99.06
334.88 96.54
332.10 93.95
329.22 91.27
326.27 88.52
323.22 85.69
320.09 82.78
316.88 79.79
313.57 76.72
310.17 73.57
306.68 70.34
303.09 67.03
299.41 63.63
295.64 60.15
291.77 56.58
287.79 52.93
283.72 49.19
279.55 45.37
275.27 41.46
270.88 37.46
266.39 33.36
261.78 29.18
257.07 24.90
252.23 20.53
247.28 16.07
242.20 11.50
237.00 6.84
231.66 2.08
226.20 -2.79
220.59 -7.76
214.83 -12.85
208.93 -18.04
202.86 -23.35
196.62 -28.78
190.20 -34.33
183.57 -40.00
176.72 -45.81
169.62 -51.74
162.20 -57.79
154.37 -63.86
146.14 -69.78
137.59 -75.47
128.75 -80.91
119.68 -86.07
110.41 -90.95
100.96 -95.54
91.37 -99.83
81.65 -103.84
71.82 -107.55
61.90 -110.97
51.89 -114.10
41.81 -116.95
31.65 -119.52
21.43 -121.78
11.16 -123.75
0.84 -125.40
-9.49 -126.72
-19.82 -127.70
-30.11 -128.34
-40.31 -128.64
-50.40 -128.62
-60.37 -128.30
-70.18 -127.69
-79.82 -126.81
-89.30 -125.67
-98.59 -124.30
-107.70 -122.70
-116.63 -120.88
-125.36 -118.85
-133.89 -116.62
-142.22 -114.21
-150.34 -111.61
-158.25 -108.85
-165.96 -105.93
-173.45 -102.86
-180.72 -99.67
-187.79 -96.35
-194.65 -92.92
-201.32 -89.39
-207.79 -85.77
-214.07 -82.06
-220.18 -78.27
-226.11 -74.40
-231.88 -70.46
-237.48 -66.43
-242.92 -62.33
-248.21 -58.14
-253.34 -53.88
-258.31 -49.53
-263.13 -45.10
-267.80 -40.59
-272.32 -35.99
-276.67 -31.31
-280.88 -26.54
-284.92 -21.68
-288.80 -16.73
-292.52 -11.70
-296.07 -6.57
-299.44 -1.35
-302.65 3.96
-305.67 9.36
-308.51 14.85
-311.16 20.43
-313.61 26.10
-315.87 31.86
-317.91 37.71
-319.74 43.64
-321.34 49.67
-322.69 55.78
-323.79 61.97
-324.59 68.25
-325.03 74.55
-325.14 80.70
-325.05 86.67
-324.78 92.47
-324.33 98.10
-323.72 103.55
-322.95 108.82
-322.06 113.90
-321.04 118.80
-319.91 123.51
-318.67 128.04
-317.34 132.39
-315.93 136.56
-314.43 140.55
-312.85 144.36
-311.20 148.01
-309.49 151.48
-307.71 154.79
-305.86 157.92
-303.96 160.89
-302.01 163.70
-300.00 166.35
-297.95 168.84
-295.84 171.16
-293.69 173.33
-291.50 175.35
-289.27 177.21
-287.00 178.91
-284.69 180.47
-282.35 181.87
-279.97 183.12
-277.56 184.22
-275.12 185.18
-272.65 185.99
-270.15 186.65
-267.63 187.17
-265.08 187.54
-262.51 187.77
-259.92 187.86
-257.31 187.81
-254.67 187.61
-252.02 187.28
-249.35 186.81
-246.66 186.19
-243.96 185.44
-241.24 184.56
-238.51 183.54
-235.77 182.38
-233.02 181.08
-230.25 179.65
-227.48 178.09
-224.70 176.40
-221.91 174.57
-219.12 172.60
-216.32 170.51
-213.51 168.28
-210.70 165.92
-207.90 163.44
-205.09 160.82
-202.28 158.07
-199.47 155.19
-196.67 152.18
-193.87 149.04
-191.08 145.77
-188.30 142.38
-185.53 138.86
-182.77 135.21
-180.03 131.43
-177.30 127.54
-174.59 123.51
-171.91 119.36
-169.24 115.09
-166.61 110.70
-164.00 106.19
-161.43 101.56
-158.89 96.81
-156.39 91.95
-153.94 86.97
-151.53 81.89
-149.18 76.69
-146.88 71.40
-144.64 66.01
-142.47 60.52
-140.36 54.95
-138.34 49.29
-136.39 43.56
-134.52 37.75
-132.75 31.89
-131.06 25.98
-129.47 20.03
-127.98 14.05
-126.60 8.05
-125.32 2.04
-124.14 -3.96
-123.07 -9.93
-122.10 -15.87
-121.24 -21.75
-120.47 -27.56
-119.80 -33.29
-119.21 -38.91
-118.70 -44.42
-118.25 -49.80
-117.86 -55.04
-117.51 -60.11
-117.18 -65.02
-116.87 -69.76
-116.56 -74.31
-116.23 -78.68
-115.86 -82.85
-115.45 -86.83
-114.97 -90.63
-114.43 -94.23
-113.81 -97.65
-113.10 -100.89
-112.30 -103.95
-111.40 -106.82
-110.39 -109.52
-109.28 -112.04
-108.04 -114.39
-106.69 -116.56
-105.21 -118.57
-103.61 -120.40
-101.87 -122.07
-100.00 -123.57
-98.00 -124.91
-95.85 -126.08
-93.57 -127.09
-91.14 -127.93
-88.57 -128.61
-85.85 -129.12
-82.99 -129.47
-79.98 -129.65
-76.82 -129.67
-73.51 -129.51
-70.05 -129.17
-66.45 -128.66
-62.71 -127.97
-58.82 -127.08
-54.79 -126.01
-50.64 -124.73
-46.36 -123.25
-41.96 -121.55
-37.47 -119.65
-32.89 -117.52
-28.25 -115.18
-23.54 -112.63
-18.79 -109.87
-14.00 -106.92
-9.18 -103.76
-4.34 -100.42
0.50 -96.89
5.35 -93.17
10.19 -89.28
15.01 -85.22
19.80 -80.99
24.56 -76.61
29.28 -72.08
33.94 -67.42
38.55 -62.64
43.11 -57.74
47.61 -52.74
52.05 -47.64
56.44 -42.46
60.76 -37.20
65.04 -31.86
69.26 -26.46
73.44 -21.00
77.56 -15.49
81.65 -9.92
85.69 -4.31
89.69 1.35
93.66 7.04
97.60 12.77
101.51 18.52
105.40 24.31
109.26 30.11
113.11 35.92
116.94 41.74
120.75 47.55
124.54 53.34
128.31 59.10
132.04 64.82
135.73 70.46
139.36 76.01
142.94 81.42
146.49 86.65
150.03 91.68
153.59 96.49
157.19 101.10
160.83 105.51
164.52 109.72
168.25 113.73
172.04 117.54
175.86 121.15
179.73 124.58
183.63 127.80
187.57 130.83
191.54 133.67
195.54 136.31
199.56 138.74
203.60 140.98
207.65 143.02
211.71 144.85
215.76 146.47
219.81 147.89
223.84 149.09
227.86 150.08
231.83 150.86
235.77 151.42
239.65 151.77
243.46 151.90
247.19 151.82
250.83 151.54
254.37 151.05
257.78 150.37
261.07 149.51
264.21 148.48
267.21 147.29
270.05 145.96
272.73 144.49
275.25 142.90
277.60 141.20
279.79 139.41
281.81 137.52
283.67 135.56
285.37 133.53
286.91 131.44
288.29 129.29
289.51 127.10
290.59 124.86
291.52 122.58
292.30 120.28
292.93 117.94
293.43 115.58
293.79 113.20
294.01 110.80
294.09 108.40
294.05 105.98
293.88 103.56
293.58 101.13
293.15 98.70
292.61 96.28
291.94 93.86
291.16 91.44
290.26 89.04
289.25 86.65
288.13 84.27
286.90 81.91
285.56 79.57
