-500.00 100.00
-498.96 99.96
-497.85 99.86
-496.65 99.68
-495.38 99.43
-494.03 99.10
-492.60 98.71
-491.10 98.24
-489.52 97.70
-487.86 97.09
-486.12 96.40
-484.30 95.64
-482.40 94.81
-480.43 93.91
-478.37 92.93
-476.24 91.88
-474.03 90.75
-471.73 89.55
-469.36 88.28
-466.91 86.93
-464.38 85.50
-461.77 84.00
-459.07 82.42
-456.30 80.76
-453.44 79.03
-450.51 77.22
-447.49 75.33
-444.39 73.36
-441.21 71.30
-437.94 69.17
-434.60 66.96
-431.16 64.66
-427.65 62.28
-424.05 59.82
-420.37 57.27
-416.60 54.63
-412.75 51.90
-408.81 49.09
-404.79 46.18
-400.68 43.18
-396.49 40.09
-392.21 36.90
-387.84 33.62
-383.39 30.24
-378.85 26.77
-374.23 23.21
-369.54 19.58
-365.01 15.81
-360.58 11.52
-356.01 6.66
-351.16 1.26
-345.96 -4.26
-340.52 -9.38
-334.96 -14.24
-329.29 -18.91
-323.51 -23.41
-317.64 -27.77
-311.66 -32.00
-305.59 -36.12
-299.42 -40.12
-293.16 -44.02
-286.79 -47.83
-280.33 -51.54
-273.77 -55.16
-267.11 -58.70
-260.35 -62.15
-253.50 -65.52
-246.54 -68.81
-239.47 -72.02
-232.31 -75.16
-225.04 -78.22
-217.67 -81.20
-210.19 -84.12
-202.60 -86.96
-194.91 -89.73
-187.10 -92.43
-179.19 -95.05
-171.16 -97.61
-163.02 -100.09
-154.77 -102.51
-146.40 -104.85
-137.92 -107.13
-129.32 -109.33
-120.60 -111.46
-111.76 -113.53
-102.80 -115.52
-93.73 -117.44
-84.53 -119.30
-75.20 -121.09
-65.76 -122.81
-56.20 -124.47
-46.53 -126.08
-36.75 -127.65
-26.89 -129.21
-17.07 -130.70
-7.27 -131.84
2.77 -132.49
12.74 -132.66
22.54 -132.44
32.19 -131.87
41.71 -130.97
51.10 -129.75
60.38 -128.22
69.54 -126.40
78.59 -124.29
87.53 -121.91
96.36 -119.25
105.08 -116.34
113.69 -113.16
122.20 -109.73
130.61 -106.04
138.92 -102.11
147.13 -97.93
155.24 -93.51
163.26 -88.84
171.19 -83.93
179.02 -78.77
186.78 -73.36
194.45 -67.71
202.03 -61.79
209.55 -55.61
216.99 -49.16
224.36 -42.43
231.67 -35.40
238.93 -28.06
246.14 -20.36
253.34 -12.27
260.64 -3.72
268.15 4.90
275.71 13.21
283.14 21.38
290.29 29.42
297.11 37.17
303.69 44.59
310.07 51.70
316.28 58.52
322.33 65.07
328.22 71.35
333.97 77.38
339.59 83.18
345.07 88.74
350.42 94.07
355.64 99.19
360.75 104.08
365.73 108.77
370.59 113.25
375.34 117.53
379.98 121.61
384.50 125.49
388.91 129.18
393.22 132.67
397.42 135.97
401.51 139.08
405.50 142.01
409.39 144.75
413.17 147.31
416.86 149.69
420.44 151.88
423.93 153.89
427.32 155.72
430.61 157.37
433.81 158.85
436.92 160.14
439.93 161.26
442.85 162.20
445.68 162.96
448.41 163.54
451.06 163.95
453.62 164.18
456.09 164.23
458.47 164.10
460.76 163.79
462.97 163.30
465.09 162.63
467.13 161.78
469.09 160.74
470.96 159.52
472.76 158.11
474.47 156.52
476.10 154.73
477.66 152.75
479.14 150.57
480.55 148.19
481.89 145.60
483.16 142.80
484.36 139.79
485.52 136.55
486.63 133.07
487.71 129.34
488.82 125.35
490.04 121.17
491.38 116.97
492.70 112.82
493.97 108.70
495.16 104.58
496.26 100.46
497.26 96.32
498.17 92.15
498.98 87.95
499.69 83.70
500.30 79.40
500.80 75.05
501.20 70.64
501.50 66.16
501.69 61.60
501.77 56.97
501.74 52.25
501.60 47.44
501.36 42.53
501.00 37.50
500.53 32.36
499.95 27.09
499.25 21.67
498.44 16.08
497.51 10.29
496.46 4.23
495.36 -2.30
494.26 -8.77
493.06 -14.94
491.72 -20.91
490.23 -26.69
488.53 -32.27
486.63 -37.59
484.57 -42.63
482.39 -47.39
480.08 -51.88
477.68 -56.12
475.17 -60.10
472.56 -63.84
469.85 -67.33
467.05 -70.58
464.17 -73.59
461.21 -76.36
458.17 -78.88
455.06 -81.16
451.91 -83.18
448.74 -84.96
445.58 -86.51
442.45 -87.86
439.38 -89.06
436.34 -90.15
433.33 -91.17
430.32 -92.14
427.28 -93.04
424.22 -93.90
421.11 -94.70
417.95 -95.45
414.74 -96.15
411.46 -96.79
408.11 -97.38
404.70 -97.91
401.20 -98.38
397.63 -98.80
393.98 -99.15
390.25 -99.44
386.43 -99.67
382.52 -99.84
378.52 -99.95
374.43 -99.99
370.25 -99.97
365.97 -99.88
361.60 -99.73
357.12 -99.51
352.55 -99.22
347.87 -98.86
343.10 -98.44
338.21 -97.95
333.22 -97.38
328.13 -96.75
322.92 -96.04
317.61 -95.27
312.18 -94.42
306.64 -93.49
300.99 -92.49
295.22 -91.42
289.33 -90.27
283.32 -89.04
277.19 -87.74
270.94 -86.35
264.57 -84.88
258.07 -83.34
251.44 -81.71
244.69 -79.99
237.80 -78.19
230.78 -76.30
223.63 -74.33
216.34 -72.26
208.90 -70.10
201.33 -67.85
193.61 -65.50
185.75 -63.05
177.74 -60.50
169.57 -57.84
161.25 -55.08
152.76 -52.21
144.12 -49.22
135.30 -46.11
126.32 -42.87
117.16 -39.51
107.82 -36.01
98.29 -32.36
88.56 -28.55
78.64 -24.58
68.52 -20.43
58.18 -16.07
47.64 -11.49
36.91 -6.64
26.08 -1.53
15.14 3.80
4.04 9.00
-7.10 13.93
-18.02 18.62
-28.49 23.10
-38.53 27.19
-48.27 30.84
-57.76 34.09
-67.02 36.96
-76.04 39.42
-84.70 41.53
-93.02 43.55
-101.13 45.50
-109.08 47.35
-116.87 49.11
-124.51 50.75
-132.01 52.29
-139.37 53.72
-146.61 55.04
-153.72 56.26
-160.72 57.36
-167.60 58.36
-174.37 59.25
-181.04 60.04
-187.61 60.72
-194.07 61.30
-200.44 61.77
-206.71 62.14
-212.90 62.41
-218.99 62.59
-225.00 62.66
-230.92 62.63
-236.75 62.50
-242.51 62.27
-248.18 61.94
-253.78 61.51
-259.30 60.99
-264.75 60.36
-270.12 59.64
-275.42 58.82
-280.65 57.90
-285.81 56.88
-290.91 55.76
-295.94 54.54
-300.90 53.22
-305.80 51.79
-310.64 50.27
-315.41 48.64
-320.13 46.91
-324.79 45.07
-329.40 43.12
-333.95 41.07
-338.44 38.90
-342.89 36.62
-347.29 34.22
-351.64 31.71
-355.94 29.07
-360.20 26.30
-364.42 23.40
-368.61 20.37
-372.77 17.18
-376.89 13.84
-381.00 10.34
-385.11 6.64
-389.22 2.72
-393.44 -1.49
-397.59 -5.69
-401.51 -9.86
-405.13 -14.05
-408.43 -18.05
-411.54 -21.81
-414.50 -25.38
-417.32 -28.77
-419.99 -31.99
-422.53 -35.06
-424.94 -37.99
-427.21 -40.78
-429.37 -43.44
-431.40 -45.97
-433.30 -48.37
-435.09 -50.66
-436.76 -52.82
-438.31 -54.86
-439.74 -56.79
-441.06 -58.60
-442.27 -60.30
-443.37 -61.89
-444.36 -63.37
-445.24 -64.74
-446.02 -65.99
-446.68 -67.14
-447.25 -68.18
-447.71 -69.11
-448.07 -69.94
-448.33 -70.65
-448.49 -71.26
-448.56 -71.76
-448.52 -72.15
-448.40 -72.43
-448.19 -72.60
-447.88 -72.66
-447.49 -72.61
-447.01 -72.45
-446.46 -72.17
-445.82 -71.77
-445.11 -71.26
-444.33 -70.63
-443.49 -69.87
-442.59 -68.99
-441.63 -67.98
-440.64 -66.84
-439.62 -65.56
-438.59 -64.14
-437.57 -62.59
-436.59 -60.91
-435.70 -59.12
-434.93 -57.27
-434.27 -55.43
-433.71 -53.65
-433.22 -51.93
-432.80 -50.29
-432.43 -48.71
-432.14 -47.16
-431.90 -45.59
-431.69 -43.93
-431.45 -42.18
-431.16 -40.31
-430.79 -38.35
-430.32 -36.27
-429.74 -34.10
-429.05 -31.82
-428.23 -29.43
-427.28 -26.92
-426.16 -24.28
-424.83 -21.52
-423.25 -18.70
-421.43 -15.90
-419.41 -13.12
-417.20 -10.36
-414.80 -7.63
-412.21 -4.91
-409.43 -2.20
-406.43 0.50
-403.20 3.18
-399.71 5.80
-395.96 8.32
-391.98 10.69
-387.80 12.89
-383.44 14.93
-378.92 16.80
-374.23 18.51
-369.40 20.06
-364.42 21.44
-359.29 22.66
-354.01 23.70
-348.59 24.56
-343.02 25.22
-337.30 25.64
-331.57 25.72
-325.94 25.78
-320.30 25.97
-314.60 26.25
-308.85 26.61
-303.02 27.02
-297.12 27.48
-291.15 27.99
-285.11 28.54
-278.98 29.13
-272.77 29.75
-266.49 30.41
-260.11 31.09
-253.66 31.81
-247.12 32.55
-240.49 33.32
-233.77 34.12
-226.96 34.94
-220.06 35.78
-213.06 36.65
-205.98 37.54
-198.79 38.45
-191.51 39.38
-184.13 40.33
-176.65 41.30
-169.07 42.29
-161.39 43.29
-153.60 44.31
-145.71 45.35
-137.71 46.41
-129.60 47.47
-121.38 48.55
-113.04 49.64
-104.60 50.74
-96.05 51.84
-87.38 52.95
-78.60 54.05
-69.71 55.16
-60.70 56.25
-51.59 57.34
-42.38 58.40
-33.07 59.43
-23.66 60.42
-14.18 61.36
-4.62 62.23
4.97 63.02
14.58 63.70
24.16 64.28
33.65 64.76
43.04 65.17
52.29 65.54
61.40 65.87
70.36 66.20
79.18 66.53
87.84 66.88
96.35 67.26
104.71 67.70
112.91 68.20
120.96 68.80
128.84 69.50
136.55 70.32
144.13 71.17
151.69 71.81
159.16 72.09
166.49 72.03
173.66 71.65
180.69 70.97
187.55 70.02
194.27 68.80
200.82 67.31
207.23 65.58
213.48 63.60
219.58 61.37
225.52 58.91
231.32 56.20
236.96 53.26
242.45 50.07
247.77 46.64
252.94 42.96
257.94 39.02
262.74 34.82
267.32 30.36
271.65 25.68
275.70 20.79
279.45 15.94
283.05 11.19
286.51 6.52
289.85 1.88
293.08 -2.73
296.20 -7.33
299.21 -11.92
302.12 -16.51
304.93 -21.10
307.64 -25.72
310.25 -30.34
312.77 -34.99
315.19 -39.67
317.52 -44.37
319.76 -49.11
321.92 -53.89
323.99 -58.71
325.98 -63.57
327.89 -68.49
329.73 -73.46
331.50 -78.50
333.20 -83.60
334.85 -88.78
336.46 -94.04
338.05 -99.39
339.64 -104.84
341.30 -110.37
343.07 -115.90
344.94 -121.34
346.86 -126.63
348.77 -131.77
350.66 -136.76
352.51 -141.62
354.32 -146.35
356.08 -150.96
357.78 -155.46
359.43 -159.84
361.02 -164.12
362.56 -168.30
364.05 -172.39
365.48 -176.38
366.87 -180.28
368.20 -184.09
369.50 -187.82
370.75 -191.47
371.98 -195.03
373.18 -198.51
374.38 -201.90
375.57 -205.19
376.79 -208.35
378.02 -211.36
379.25 -214.18
380.47 -216.78
381.63 -219.15
382.72 -221.30
383.72 -223.23
384.62 -224.94
385.41 -226.43
386.08 -227.73
386.63 -228.81
387.05 -229.71
387.34 -230.40
387.49 -230.90
387.50 -231.21
387.36 -231.33
387.07 -231.27
386.63 -231.01
386.02 -230.57
385.25 -229.95
384.31 -229.14
383.18 -228.15
381.86 -226.98
380.33 -225.64
378.58 -224.14
376.57 -222.51
374.30 -220.79
371.79 -219.05
369.09 -217.34
366.27 -215.67
363.34 -214.02
360.34 -212.38
357.27 -210.73
354.13 -209.07
350.93 -207.38
347.67 -205.66
344.36 -203.91
340.98 -202.11
337.54 -200.27
334.05 -198.38
330.49 -196.43
326.88 -194.44
323.20 -192.38
319.47 -190.27
315.67 -188.09
311.81 -185.85
307.89 -183.55
303.90 -181.18
299.85 -178.74
295.74 -176.24
291.55 -173.66
287.31 -171.01
283.00 -168.28
278.62 -165.48
274.17 -162.60
269.65 -159.65
265.07 -156.62
260.41 -153.50
255.69 -150.31
250.89 -147.03
246.02 -143.67
241.08 -140.22
236.06 -136.69
230.97 -133.06
225.81 -129.35
220.56 -125.55
215.24 -121.65
209.84 -117.66
204.37 -113.58
198.80 -109.39
193.16 -105.11
187.43 -100.73
181.62 -96.25
175.72 -91.67
169.74 -86.98
163.66 -82.19
157.49 -77.30
151.23 -72.32
144.87 -67.25
138.43 -62.14
131.92 -57.03
125.36 -52.00
118.80 -47.11
112.28 -42.37
105.83 -37.77
99.44 -33.24
93.08 -28.70
86.65 -24.12
80.05 -19.50
73.25 -14.89
66.20 -10.30
58.94 -5.69
51.69 -1.05
44.41 3.59
37.06 8.20
29.64 12.77
22.14 17.26
14.55 21.67
6.89 25.96
-0.85 30.11
-8.63 34.09
-16.44 37.86
-24.22 41.42
-31.93 44.78
-39.55 47.95
-47.10 50.96
-54.57 53.82
-62.00 56.52
-69.38 59.00
-76.58 61.21
-83.58 63.24
-90.39 65.11
-97.03 66.83
-103.50 68.41
-109.81 69.85
-115.97 71.17
-121.99 72.37
-127.87 73.46
-133.61 74.43
-139.22 75.31
-144.70 76.08
-150.06 76.75
-155.29 77.33
-160.41 77.83
-165.41 78.24
-170.30 78.58
-175.07 78.84
-179.73 79.04
-184.28 79.19
-188.73 79.27
-193.07 79.32
-197.30 79.33
-201.44 79.32
-205.48 79.31
-209.43 79.31
-213.30 79.34
-217.12 79.43
-220.92 79.61
-224.76 79.89
-228.70 80.27
-232.82 80.76
-237.12 81.03
-241.28 80.99
-245.29 80.90
-249.20 80.75
-253.04 80.55
-256.81 80.27
-260.52 79.93
-264.20 79.51
-267.83 79.01
-271.43 78.44
-275.01 77.80
-278.56 77.09
-282.11 76.31
-285.65 75.48
-289.18 74.61
-292.71 73.71
-296.23 72.81
-299.73 71.90
-303.20 71.00
-306.63 70.12
-310.00 69.25
-313.31 68.40
-316.56 67.56
-319.73 66.72
-322.83 65.89
-325.84 65.07
-328.78 64.24
-331.63 63.40
-334.40 62.56
-337.08 61.71
-339.67 60.83
-342.18 59.95
-344.60 59.03
-346.94 58.10
-349.19 57.13
-351.35 56.13
-353.42 55.10
-355.41 54.02
-357.30 52.90
-359.11 51.72
-360.83 50.49
-362.46 49.19
-363.99 47.81
-365.42 46.34
-366.74 44.77
-367.92 43.08
-368.93 41.25
-369.69 39.29
-370.16 37.26
-370.32 35.22
-370.16 33.22
-369.72 31.27
-369.00 29.41
-368.01 27.65
-366.77 25.98
-365.27 24.43
-363.54 23.01
-361.57 21.72
-359.37 20.59
-356.98 19.63
-354.41 18.85
-351.70 18.26
-348.88 17.86
-345.96 17.61
-342.97 17.52
-339.90 17.57
-336.76 17.74
-333.56 18.04
-330.28 18.44
-326.93 18.95
-323.51 19.57
-320.01 20.28
-316.43 21.10
-312.77 22.01
-309.03 23.03
-305.20 24.15
-301.28 25.37
-297.27 26.70
-293.18 28.16
-288.99 29.74
-284.73 31.48
-280.43 33.40
-276.20 35.48
-272.15 37.56
-268.18 39.49
-264.24 41.28
-260.31 42.93
-256.35 44.44
-252.37 45.81
-248.35 47.05
-244.28 48.15
-240.17 49.12
-236.00 49.96
-231.77 50.65
-227.49 51.21
-223.14 51.62
-218.73 51.88
-214.26 51.99
-209.72 51.94
-205.11 51.73
-200.44 51.34
-195.72 50.79
-190.93 50.05
-186.09 49.12
-181.20 48.00
-176.27 46.68
-171.30 45.15
-166.29 43.42
-161.26 41.47
-156.21 39.31
-151.15 36.92
-146.08 34.30
-141.01 31.45
-135.96 28.36
-130.92 25.02
-125.90 21.42
-120.92 17.55
-115.99 13.37
-111.10 8.82
-106.18 4.00
-101.26 -0.71
-96.41 -5.45
-91.35 -10.14
-86.10 -14.65
-80.71 -19.01
-75.20 -23.24
-69.58 -27.34
-63.87 -31.31
-58.07 -35.16
-52.18 -38.88
-46.21 -42.47
-40.16 -45.92
-34.04 -49.24
-27.83 -52.41
-21.54 -55.43
-15.17 -58.29
-8.71 -60.99
-2.18 -63.52
4.44 -65.85
11.15 -68.00
17.95 -69.93
24.84 -71.64
31.82 -73.10
38.89 -74.31
46.04 -75.24
53.26 -75.88
60.56 -76.21
67.96 -76.25
75.48 -76.02
83.17 -75.64
90.93 -75.25
98.66 -74.89
106.30 -74.52
113.81 -74.13
121.17 -73.73
128.36 -73.29
135.39 -72.82
142.23 -72.31
148.88 -71.77
155.33 -71.20
161.59 -70.61
167.64 -69.99
173.49 -69.34
179.13 -68.68
184.57 -68.00
189.80 -67.29
194.82 -66.58
199.63 -65.84
204.23 -65.09
208.62 -64.32
212.80 -63.53
216.76 -62.72
220.51 -61.89
224.04 -61.04
227.34 -60.16
230.41 -59.26
233.25 -58.31
235.84 -57.32
238.18 -56.28
240.25 -55.16
242.03 -53.93
243.52 -52.54
244.75 -50.89
245.82 -48.92
246.82 -46.65
247.80 -44.09
248.79 -41.27
249.86 -38.18
251.05 -35.02
252.12 -31.96
253.02 -28.89
253.78 -25.79
254.41 -22.64
254.91 -19.44
255.29 -16.18
255.58 -12.87
255.77 -9.48
255.88 -6.04
255.91 -2.54
255.88 1.01
255.78 4.61
255.64 8.26
255.45 11.95
255.22 15.67
254.95 19.41
254.65 23.18
254.31 26.96
253.96 30.74
253.58 34.50
253.19 38.23
252.74 41.88
252.21 45.43
251.55 48.88
250.73 52.24
249.74 55.54
248.56 58.81
247.21 62.04
245.69 65.27
244.00 68.49
242.14 71.71
240.12 74.95
237.94 78.19
235.61 81.46
233.13 84.75
230.52 88.07
227.76 91.42
224.88 94.80
221.87 98.21
218.74 101.65
215.49 105.11
212.13 108.61
208.66 112.12
205.07 115.67
201.36 119.23
197.54 122.83
193.59 126.47
189.52 130.17
185.33 133.96
181.09 137.88
176.95 141.93
173.00 145.94
169.19 149.80
165.50 153.48
161.88 156.99
158.32 160.31
154.81 163.43
151.33 166.35
147.87 169.06
144.42 171.56
140.97 173.83
137.52 175.86
134.06 177.60
130.66 179.00
127.50 180.12
124.58 181.12
121.85 182.01
119.29 182.78
116.88 183.43
114.63 183.93
112.51 184.26
110.52 184.37
