500.00 -200.00
498.96 -199.92
497.85 -199.69
496.66 -199.31
495.39 -198.77
494.05 -198.07
492.63 -197.22
491.14 -196.22
489.57 -195.06
487.92 -193.75
486.19 -192.27
484.39 -190.65
482.51 -188.86
480.56 -186.92
478.52 -184.81
476.41 -182.55
474.22 -180.13
471.95 -177.54
469.60 -174.80
467.18 -171.89
464.67 -168.81
462.09 -165.57
459.42 -162.17
456.68 -158.59
453.85 -154.84
450.95 -150.92
447.96 -146.83
444.89 -142.56
441.74 -138.11
438.50 -133.49
435.19 -128.67
431.78 -123.67
428.30 -118.49
424.73 -113.10
421.07 -107.52
417.33 -101.74
413.50 -95.75
409.58 -89.54
405.58 -83.12
401.48 -76.46
397.30 -69.57
393.02 -62.43
388.65 -55.02
384.18 -47.33
379.62 -39.33
374.95 -30.99
370.17 -22.24
365.04 -13.09
359.61 -3.81
354.15 5.37
348.79 13.97
343.40 22.07
337.94 29.76
332.42 37.10
326.82 44.12
321.14 50.84
315.38 57.28
309.53 63.46
303.60 69.38
297.58 75.05
291.47 80.48
285.27 85.67
278.97 90.63
272.58 95.37
266.09 99.88
259.51 104.16
252.83 108.23
246.04 112.08
239.15 115.71
232.17 119.13
225.07 122.33
217.87 125.32
210.57 128.09
203.15 130.64
195.63 132.98
187.99 135.10
180.25 137.00
172.39 138.68
164.41 140.13
156.32 141.35
148.10 142.35
139.77 143.11
131.31 143.64
122.73 143.92
114.02 143.96
105.18 143.74
96.21 143.26
87.10 142.52
77.85 141.49
68.46 140.18
58.91 138.57
49.20 136.63
39.30 134.35
29.19 131.70
18.70 128.70
7.82 125.64
-3.34 122.64
-14.43 119.69
-25.31 116.71
-36.00 113.66
-46.51 110.53
-56.83 107.31
-66.97 104.00
-76.94 100.60
-86.72 97.11
-96.33 93.53
-105.75 89.86
-115.01 86.11
-124.08 82.27
-132.98 78.34
-141.71 74.32
-150.26 70.22
-158.64 66.03
-166.85 61.76
-174.89 57.39
-182.76 52.93
-190.46 48.37
-197.99 43.72
-205.35 38.96
-212.54 34.09
-219.56 29.10
-226.41 23.98
-233.08 18.71
-239.58 13.27
-245.91 7.62
-252.05 1.66
-258.06 -4.42
-263.89 -10.04
-269.49 -15.16
-274.97 -19.79
-280.39 -23.95
-285.88 -27.71
-291.50 -31.30
-297.15 -34.79
-302.79 -38.20
-308.39 -41.52
-313.95 -44.76
-319.44 -47.92
-324.88 -50.99
-330.25 -53.98
-335.55 -56.89
-340.78 -59.72
-345.93 -62.48
-351.01 -65.16
-356.00 -67.76
-360.92 -70.29
-365.77 -72.74
-370.53 -75.13
-375.20 -77.44
-379.80 -79.68
-384.32 -81.85
-388.75 -83.96
-393.10 -85.99
-397.37 -87.96
-401.55 -89.87
-405.65 -91.71
-409.67 -93.49
-413.60 -95.20
-417.45 -96.85
-421.21 -98.44
-424.89 -99.97
-428.49 -101.44
-432.00 -102.85
-435.42 -104.21
-438.76 -105.50
-442.02 -106.75
-445.19 -107.93
-448.27 -109.06
-451.27 -110.14
-454.18 -111.17
-457.00 -112.14
-459.74 -113.06
-462.39 -113.94
-464.96 -114.77
-467.44 -115.55
-469.83 -116.29
-472.13 -116.98
-474.34 -117.64
-476.46 -118.25
-478.49 -118.83
-480.43 -119.37
-482.27 -119.89
-484.02 -120.37
-485.67 -120.84
-487.22 -121.28
-488.67 -121.71
-490.00 -122.14
-491.20 -122.57
-492.26 -123.03
-493.13 -123.50
-493.70 -123.92
-494.01 -124.10
-494.18 -124.00
-494.24 -123.63
-494.22 -123.01
-494.12 -122.16
-493.95 -121.08
-493.72 -119.78
-493.42 -118.26
-493.06 -116.53
-492.64 -114.60
-492.16 -112.46
-491.62 -110.11
-491.03 -107.57
-490.38 -104.81
-489.67 -101.86
-488.91 -98.71
-488.10 -95.35
-487.24 -91.78
-486.33 -88.01
-485.37 -84.03
-484.36 -79.85
-483.31 -75.44
-482.21 -70.83
-481.08 -65.99
-479.92 -60.92
-478.72 -55.62
-477.50 -50.09
-476.27 -44.30
-475.05 -38.25
-473.86 -31.95
-472.76 -25.40
-471.76 -18.68
-470.82 -11.81
-469.96 -4.77
-469.19 2.53
-468.52 9.81
-467.88 16.89
-467.23 23.80
-466.53 30.55
-465.77 37.19
-464.92 43.72
-463.98 50.17
-462.93 56.55
-461.76 62.88
-460.44 69.17
-458.93 75.41
-457.21 81.58
-455.25 87.62
-453.06 93.49
-450.67 99.16
-448.09 104.64
-445.36 109.90
-442.47 114.96
-439.44 119.82
-436.27 124.48
-432.98 128.95
-429.56 133.22
-426.02 137.31
-422.36 141.21
-418.59 144.93
-414.70 148.46
-410.70 151.81
-406.59 154.99
-402.37 157.99
-398.04 160.82
-393.61 163.47
-389.07 165.95
-384.43 168.26
-379.68 170.40
-374.83 172.36
-369.88 174.16
-364.82 175.79
-359.67 177.25
-354.41 178.54
-349.04 179.67
-343.58 180.62
-338.02 181.41
-332.35 182.03
-326.58 182.49
-320.71 182.77
-314.74 182.88
-308.67 182.83
-302.50 182.61
-296.22 182.21
-289.84 181.65
-283.36 180.91
-276.77 180.01
-270.09 178.93
-263.29 177.67
-256.40 176.24
-249.40 174.63
-242.29 172.85
-235.07 170.88
-227.75 168.74
-220.32 166.41
-212.78 163.89
-205.13 161.19
-197.37 158.31
-189.49 155.23
-181.50 151.95
-173.39 148.48
-165.17 144.81
-156.83 140.93
-148.36 136.85
-139.77 132.56
-131.06 128.05
-122.21 123.32
-113.24 118.36
-104.13 113.17
-94.87 107.74
-85.48 102.06
-75.94 96.11
-66.24 89.90
-56.38 83.40
-46.36 76.59
-36.16 69.46
-25.77 61.96
-15.19 54.06
-4.41 45.69
6.39 36.73
16.99 27.02
27.39 16.90
37.47 6.55
47.21 -3.95
56.56 -14.30
65.64 -24.43
74.52 -34.40
83.30 -44.28
92.07 -53.89
100.73 -63.16
109.26 -72.12
117.64 -80.79
125.89 -89.20
134.00 -97.35
141.98 -105.26
149.83 -112.95
157.55 -120.41
165.15 -127.65
172.63 -134.69
179.99 -141.52
187.24 -148.16
194.37 -154.60
201.39 -160.85
208.30 -166.91
215.11 -172.80
221.81 -178.50
228.40 -184.03
234.89 -189.38
241.28 -194.56
247.57 -199.58
253.76 -204.42
259.86 -209.10
265.85 -213.62
271.75 -217.98
277.56 -222.18
283.27 -226.23
288.89 -230.11
294.42 -233.85
299.85 -237.43
305.20 -240.86
310.46 -244.13
315.62 -247.26
320.70 -250.24
325.69 -253.08
330.59 -255.77
335.40 -258.31
340.13 -260.71
344.77 -262.96
349.33 -265.08
353.80 -267.05
358.19 -268.88
362.49 -270.57
366.70 -272.12
370.84 -273.53
374.88 -274.80
378.85 -275.94
382.73 -276.93
386.52 -277.79
390.24 -278.51
393.87 -279.10
397.41 -279.55
400.88 -279.87
404.26 -280.05
407.56 -280.09
410.77 -280.00
413.90 -279.78
416.95 -279.42
419.92 -278.93
422.80 -278.31
425.61 -277.55
428.32 -276.66
430.96 -275.63
433.52 -274.47
435.99 -273.18
438.37 -271.76
440.68 -270.20
442.90 -268.51
445.04 -266.69
447.10 -264.73
449.07 -262.64
450.96 -260.41
452.77 -258.06
454.49 -255.57
456.13 -252.94
457.68 -250.18
459.16 -247.29
460.54 -244.26
461.84 -241.10
463.06 -237.80
464.19 -234.37
465.23 -230.80
466.19 -227.09
467.07 -223.25
467.85 -219.26
468.55 -215.14
469.16 -210.88
469.68 -206.48
470.12 -201.94
470.46 -197.26
470.72 -192.44
470.88 -187.47
470.96 -182.35
470.94 -177.09
470.82 -171.69
470.62 -166.13
470.32 -160.42
469.92 -154.56
469.42 -148.55
468.83 -142.38
468.13 -136.04
467.33 -129.55
466.42 -122.89
465.41 -116.05
464.28 -109.05
463.03 -101.86
461.65 -94.48
460.14 -86.92
458.46 -79.17
456.60 -71.24
454.53 -63.17
452.28 -55.00
449.86 -46.74
447.30 -38.40
444.60 -29.94
441.76 -21.37
438.78 -12.66
435.65 -3.79
432.37 5.28
428.88 14.63
425.01 23.94
421.00 32.96
416.88 41.79
412.67 50.47
408.34 59.03
403.88 67.48
399.27 75.82
394.47 84.02
389.49 92.02
384.38 99.78
379.17 107.32
373.89 114.65
368.52 121.76
363.09 128.69
357.59 135.42
352.03 141.97
346.40 148.34
340.71 154.54
334.95 160.57
329.13 166.43
323.25 172.12
317.30 177.66
311.29 183.03
305.21 188.25
299.07 193.30
292.86 198.21
286.59 202.95
280.25 207.55
273.84 211.99
267.37 216.27
260.83 220.41
254.22 224.39
247.55 228.22
240.81 231.89
233.99 235.42
227.11 238.79
220.17 242.01
213.15 245.07
206.06 247.99
198.90 250.74
191.67 253.34
184.38 255.79
177.01 258.08
169.56 260.21
162.05 262.18
154.47 263.99
146.81 265.63
139.08 267.12
131.28 268.43
123.40 269.58
115.46 270.56
107.44 271.36
99.34 271.99
91.18 272.44
82.94 272.71
74.62 272.79
66.24 272.68
57.78 272.38
49.26 271.88
40.66 271.17
31.99 270.25
23.26 269.10
14.47 267.73
5.62 266.11
-3.28 264.24
-12.21 262.10
-21.16 259.69
-30.11 256.98
-39.01 253.98
-47.86 250.70
-56.64 247.14
-65.32 243.31
-73.89 239.22
-82.35 234.87
-90.68 230.29
-98.88 225.47
-106.95 220.42
-114.87 215.15
-122.65 209.67
-130.28 203.97
-137.76 198.07
-145.09 191.96
-152.25 185.66
-159.26 179.16
-166.10 172.46
-172.77 165.57
-179.27 158.49
-185.58 151.23
-191.72 143.78
-197.66 136.14
-203.41 128.34
-208.94 120.36
-214.26 112.22
-219.35 103.94
-224.22 95.54
-228.86 87.03
-233.28 78.43
-237.51 69.74
-241.53 60.97
-245.37 52.10
-249.01 43.15
-252.45 34.09
-255.70 24.94
-258.74 15.67
-261.55 6.30
-264.11 -3.19
-266.39 -12.77
-268.32 -22.34
-270.01 -31.73
-271.53 -41.00
-272.88 -50.15
-274.00 -59.20
-274.92 -68.02
-275.72 -76.57
-276.44 -84.88
-277.10 -92.97
-277.70 -100.86
-278.23 -108.56
-278.71 -116.08
-279.14 -123.42
-279.50 -130.60
-279.82 -137.60
-280.07 -144.45
-280.28 -151.15
-280.42 -157.68
-280.52 -164.07
-280.56 -170.32
-280.55 -176.41
-280.49 -182.37
-280.37 -188.18
-280.20 -193.85
-279.98 -199.39
-279.71 -204.79
-279.39 -210.06
-279.02 -215.19
-278.60 -220.19
-278.13 -225.06
-277.61 -229.80
-277.04 -234.42
-276.42 -238.90
-275.75 -243.26
-275.03 -247.49
-274.27 -251.59
-273.46 -255.58
-272.60 -259.43
-271.69 -263.17
-270.73 -266.78
-269.73 -270.27
-268.69 -273.64
-267.59 -276.88
-266.45 -280.01
-265.27 -283.01
-264.04 -285.90
-262.76 -288.67
-261.44 -291.32
-260.08 -293.85
-258.67 -296.26
-257.21 -298.55
-255.71 -300.73
-254.17 -302.78
-252.58 -304.73
-250.95 -306.55
-249.28 -308.26
-247.56 -309.85
-245.80 -311.32
-243.99 -312.68
-242.14 -313.93
-240.25 -315.05
-238.32 -316.07
-236.34 -316.96
-234.32 -317.74
-232.26 -318.41
-230.16 -318.96
-228.01 -319.40
-225.83 -319.72
-223.60 -319.93
-221.32 -320.02
-219.01 -319.99
-216.66 -319.85
-214.26 -319.60
-211.82 -319.23
-209.34 -318.75
-206.82 -318.15
-204.26 -317.44
-201.65 -316.61
-199.01 -315.67
-196.32 -314.61
-193.60 -313.44
-190.83 -312.15
-188.02 -310.75
-185.17 -309.23
-182.28 -307.60
-179.34 -305.85
-176.37 -303.98
-173.36 -302.00
-170.30 -299.90
-167.21 -297.69
-164.07 -295.36
-160.89 -292.91
-157.67 -290.35
-154.41 -287.66
-151.11 -284.87
-147.77 -281.95
-144.39 -278.92
-140.96 -275.76
-137.50 -272.49
-133.99 -269.10
-130.44 -265.60
-126.85 -261.97
-123.22 -258.22
-119.54 -254.36
-115.83 -250.37
-112.07 -246.26
-108.27 -242.04
-104.43 -237.69
-100.54 -233.22
-96.62 -228.63
-92.65 -223.91
-88.63 -219.08
-84.57 -214.12
-80.47 -209.04
-76.33 -203.83
-72.14 -198.51
-67.90 -193.05
-63.62 -187.48
-59.29 -181.78
-54.92 -175.96
-50.49 -170.01
-46.02 -163.94
-41.50 -157.74
-36.93 -151.42
-32.31 -144.98
-27.64 -138.41
-22.91 -131.72
-18.12 -124.91
-13.28 -117.97
-8.37 -110.92
-3.41 -103.74
1.63 -96.46
6.74 -89.05
11.92 -81.54
17.19 -73.92
22.55 -66.21
28.01 -58.40
33.57 -50.51
39.26 -42.56
45.06 -34.55
51.01 -26.49
57.10 -18.37
63.31 -10.18
69.48 -2.00
75.34 6.03
80.94 13.94
86.29 21.72
91.38 29.37
96.24 36.88
100.86 44.25
105.27 51.48
109.45 58.52
113.41 65.37
117.11 72.00
120.56 78.44
123.75 84.67
126.68 90.71
129.37 96.56
131.81 102.20
134.03 107.66
136.03 112.92
137.82 117.98
139.41 122.84
140.80 127.51
142.02 131.98
143.05 136.25
143.93 140.33
144.64 144.21
145.20 147.90
145.63 151.39
145.92 154.69
146.08 157.80
146.12 160.71
146.04 163.44
145.86 165.98
145.58 168.34
145.20 170.52
144.73 172.52
144.17 174.34
143.54 175.99
142.83 177.46
142.04 178.77
141.20 179.92
140.28 180.90
139.31 181.73
138.28 182.40
137.19 182.92
136.06 183.29
134.87 183.51
133.64 183.60
132.36 183.54
131.04 183.35
129.68 183.02
128.28 182.56
126.85 181.98
125.37 181.26
123.86 180.43
122.32 179.48
120.75 178.41
119.14 177.22
117.50 175.93
115.84 174.52
114.14 173.01
112.41 171.40
110.66 169.68
108.88 167.86
107.07 165.95
105.24 163.94
103.38 161.84
101.50 159.66
99.59 157.38
97.65 155.02
95.69 152.58
93.71 150.06
91.70 147.46
89.66 144.78
87.60 142.03
85.52 139.22
83.42 136.33
81.28 133.37
79.13 130.36
76.95 127.28
74.75 124.14
72.52 120.95
70.26 117.70
67.99 114.40
65.68 111.05
63.36 107.65
61.00 104.20
58.63 100.72
56.22 97.19
53.79 93.62
51.33 90.02
48.85 86.38
46.34 82.71
43.81 79.01
41.24 75.28
38.65 71.53
36.03 67.76
33.39 63.96
30.71 60.15
28.01 56.32
25.27 52.48
22.51 48.62
19.72 44.76
16.90 40.89
14.05 37.01
11.16 33.13
8.25 29.26
5.30 25.38
2.32 21.51
-0.69 17.65
-3.73 13.79
-6.81 9.95
-9.92 6.13
-13.06 2.31
-16.24 -1.48
-19.46 -5.25
-22.70 -8.99
-25.99 -12.71
-29.31 -16.40
-32.67 -20.06
-36.06 -23.68
-39.49 -27.27
-42.96 -30.81
-46.47 -34.31
-50.01 -37.77
-53.60 -41.18
-57.22 -44.54
-60.88 -47.84
-64.58 -51.08
-68.32 -54.26
-72.10 -57.38
-75.92 -60.43
-79.78 -63.41
-83.68 -66.31
-87.62 -69.14
-91.59 -71.88
-95.60 -74.53
-99.65 -77.10
-103.74 -79.57
-107.86 -81.94
-112.01 -84.20
-116.20 -86.36
-120.42 -88.41
-124.66 -90.34
-128.94 -92.14
-133.23 -93.82
-137.54 -95.36
-141.87 -96.77
-146.22 -98.03
-150.56 -99.14
-154.92 -100.10
-159.26 -100.90
-163.60 -101.53
-167.91 -102.00
-172.20 -102.29
-176.45 -102.40
-180.66 -102.33
-184.80 -102.07
-188.88 -101.63
-192.87 -101.00
-196.77 -100.18
-200.55 -99.18
-204.21 -97.99
-207.73 -96.63
-211.10 -95.09
-214.30 -93.40
-217.32 -91.56
-220.16 -89.57
-222.80 -87.46
-225.25 -85.22
-227.49 -82.89
-229.52 -80.45
-231.34 -77.93
-232.96 -75.33
-234.36 -72.67
-235.56 -69.94
-236.54 -67.16
-237.32 -64.33
-237.89 -61.46
-238.25 -58.56
-238.41 -55.62
-238.36 -52.66
-238.11 -49.68
-237.66 -46.68
-237.01 -43.67
-236.16 -40.64
-235.12 -37.61
-233.87 -34.57
-232.44 -31.53
-230.81 -28.49
-228.98 -25.45
-226.97 -22.41
-224.76 -19.38
-222.35 -16.35
-219.76 -13.32
-216.98 -10.31
-214.00 -7.30
-210.83 -4.31
-207.46 -1.32
-203.90 1.65
-200.14 4.61
-196.18 7.55
-192.03 10.48
-187.67 13.38
-183.10 16.26
-178.33 19.12
-173.35 21.94
-168.15 24.73
-162.75 27.48
-157.14 30.18
-151.31 32.83
-145.28 35.43
-139.03 37.97
-132.57 40.45
-125.90 42.86
-119.01 45.19
-111.90 47.43
-104.58 49.57
-97.07 51.59
-89.37 53.51
-81.40 55.31
-73.39 56.87
-65.60 58.25
-57.93 59.51
-50.36 60.68
-42.85 61.78
-35.39 62.80
-27.97 63.75
-20.57 64.62
-13.17 65.44
-5.78 66.18
1.63 66.86
9.06 67.46
16.51 68.00
24.01 68.46
31.55 68.84
39.15 69.14
46.80 69.35
54.52 69.48
62.31 69.52
70.19 69.46
78.15 69.32
86.21 69.07
94.38 68.73
102.66 68.30
111.08 67.78
119.63 67.20
128.33 66.58
137.16 65.95
146.07 65.33
155.05 64.71
164.07 64.08
173.13 63.41
182.23 62.71
191.34 61.95
200.48 61.12
209.63 60.21
218.80 59.21
227.98 58.09
237.17 56.85
246.36 55.45
255.52 53.83
264.51 51.97
273.20 49.96
281.57 47.92
289.66 45.90
297.50 43.91
305.10 41.95
312.47 40.04
319.64 38.16
326.59 36.34
333.36 34.56
339.92 32.82
346.31 31.14
352.51 29.50
358.54 27.90
364.39 26.35
370.07 24.85
375.59 23.39
380.94 21.98
386.13 20.61
391.15 19.29
396.02 18.01
400.74 16.78
405.30 15.59
409.70 14.44
413.95 13.33
418.05 12.27
422.00 11.25
425.81 10.27
429.46 9.33
432.97 8.43
436.33 7.57
439.54 6.75
442.61 5.96
445.53 5.22
448.31 4.51
450.95 3.84
453.44 3.21
455.79 2.61
458.00 2.05
460.06 1.52
461.98 1.02
463.76 0.56
465.40 0.14
466.90 -0.26
468.25 -0.62
469.47 -0.95
470.54 -1.25
471.47 -1.52
472.27 -1.76
472.92 -1.97
