500.00 -100.00
498.96 -99.96
497.85 -99.86
496.65 -99.68
495.38 -99.43
494.03 -99.10
492.60 -98.71
491.10 -98.24
489.52 -97.70
487.86 -97.09
486.12 -96.40
484.30 -95.64
482.40 -94.81
480.43 -93.91
478.37 -92.93
476.24 -91.88
474.03 -90.75
471.73 -89.55
469.36 -88.28
466.91 -86.93
464.38 -85.50
461.77 -84.00
459.07 -82.42
456.30 -80.76
453.44 -79.03
450.51 -77.22
447.49 -75.33
444.39 -73.36
441.21 -71.30
437.94 -69.17
434.60 -66.96
431.16 -64.66
427.65 -62.28
424.05 -59.82
420.37 -57.27
416.60 -54.63
412.75 -51.90
408.81 -49.09
404.79 -46.18
400.68 -43.18
396.49 -40.09
392.21 -36.90
387.84 -33.62
383.39 -30.24
378.85 -26.77
374.23 -23.21
369.54 -19.58
365.01 -15.81
360.58 -11.52
356.01 -6.66
351.16 -1.26
345.96 4.26
340.52 9.38
334.96 14.24
329.29 18.91
323.51 23.41
317.64 27.77
311.66 32.00
305.59 36.12
299.42 40.12
293.16 44.02
286.79 47.83
280.33 51.54
273.77 55.16
267.11 58.70
260.36 62.15
253.50 65.52
246.54 68.81
239.47 72.02
232.31 75.16
225.04 78.22
217.67 81.20
210.19 84.12
202.60 86.96
194.91 89.73
187.10 92.42
179.19 95.05
171.16 97.61
163.02 100.09
154.77 102.51
146.40 104.85
137.92 107.12
129.32 109.33
120.60 111.46
111.76 113.52
102.80 115.52
93.73 117.44
84.53 119.30
75.20 121.08
65.76 122.81
56.20 124.47
46.53 126.08
36.75 127.65
26.89 129.20
17.07 130.70
7.27 131.83
-2.77 132.49
-12.74 132.66
-22.54 132.44
-32.19 131.87
-41.71 130.97
-51.10 129.75
-60.38 128.22
-69.54 126.40
-78.59 124.29
-87.53 121.91
-96.36 119.26
-105.08 116.34
-113.70 113.16
-122.21 109.73
-130.61 106.05
-138.92 102.12
-147.13 97.94
-155.24 93.52
-163.26 88.85
-171.19 83.94
-179.03 78.78
-186.78 73.38
-194.45 67.72
-202.03 61.80
-209.55 55.63
-216.99 49.18
-224.36 42.45
-231.67 35.42
-238.92 28.08
-246.14 20.38
-253.33 12.29
-260.64 3.74
-268.14 -4.88
-275.70 -13.18
-283.14 -21.34
-290.29 -29.38
-297.11 -37.13
-303.69 -44.55
-310.07 -51.66
-316.28 -58.48
-322.33 -65.03
-328.22 -71.31
-333.97 -77.35
-339.58 -83.14
-345.06 -88.70
-350.41 -94.04
-355.63 -99.15
-360.73 -104.05
-365.71 -108.74
-370.57 -113.22
-375.32 -117.50
-379.95 -121.58
-384.47 -125.46
-388.89 -129.14
-393.19 -132.63
-397.39 -135.93
-401.48 -139.05
-405.46 -141.97
-409.35 -144.72
-413.13 -147.27
-416.82 -149.65
-420.40 -151.84
-423.89 -153.85
-427.27 -155.68
-430.57 -157.33
-433.76 -158.80
-436.87 -160.10
-439.88 -161.21
-442.80 -162.15
-445.62 -162.91
-448.36 -163.49
-451.00 -163.89
-453.56 -164.12
-456.03 -164.17
-458.41 -164.03
-460.70 -163.72
-462.91 -163.23
-465.04 -162.56
-467.08 -161.70
-469.03 -160.66
-470.91 -159.44
-472.70 -158.03
-474.41 -156.42
-476.05 -154.63
-477.61 -152.64
-479.09 -150.46
-480.50 -148.07
-481.84 -145.48
-483.12 -142.68
-484.33 -139.66
-485.49 -136.41
-486.61 -132.92
-487.70 -129.18
-488.83 -125.18
-490.09 -121.01
-491.44 -116.83
-492.77 -112.71
-494.05 -108.61
-495.24 -104.51
-496.34 -100.41
-497.35 -96.29
-498.26 -92.14
-499.08 -87.95
-499.79 -83.72
-500.40 -79.44
-500.90 -75.10
-501.30 -70.71
-501.60 -66.24
-501.79 -61.70
-501.87 -57.09
-501.84 -52.38
-501.71 -47.59
-501.46 -42.70
-501.10 -37.69
-500.63 -32.57
-500.05 -27.32
-499.35 -21.92
-498.53 -16.35
-497.60 -10.58
-496.55 -4.56
-495.40 1.90
-494.27 8.25
-493.05 14.29
-491.69 20.12
-490.18 25.75
-488.46 31.19
-486.54 36.37
-484.46 41.26
-482.25 45.87
-479.92 50.21
-477.49 54.29
-474.95 58.11
-472.31 61.68
-469.58 65.01
-466.76 68.08
-463.85 70.91
-460.86 73.49
-457.81 75.82
-454.69 77.89
-451.55 79.71
-448.42 81.28
-445.32 82.64
-442.28 83.85
-439.28 84.96
-436.30 86.00
-433.33 86.97
-430.33 87.89
-427.29 88.76
-424.22 89.57
-421.09 90.33
-417.91 91.03
-414.66 91.67
-411.34 92.26
-407.96 92.78
-404.50 93.25
-400.96 93.65
-397.35 93.99
-393.65 94.27
-389.86 94.48
-386.00 94.63
-382.04 94.71
-377.99 94.73
-373.85 94.68
-369.62 94.56
-365.30 94.37
-360.87 94.11
-356.35 93.78
-351.74 93.38
-347.02 92.91
-342.20 92.37
-337.27 91.76
-332.24 91.07
-327.11 90.31
-321.87 89.47
-316.52 88.56
-311.06 87.57
-305.49 86.50
-299.81 85.36
-294.02 84.13
-288.11 82.83
-282.08 81.44
-275.93 79.97
-269.67 78.42
-263.28 76.78
-256.78 75.06
-250.15 73.25
-243.39 71.35
-236.50 69.36
-229.49 67.28
-222.34 65.10
-215.06 62.82
-207.65 60.45
-200.09 57.98
-192.40 55.40
-184.56 52.71
-176.58 49.92
-168.45 47.01
-160.17 43.99
-151.74 40.84
-143.15 37.57
-134.39 34.17
-125.47 30.62
-116.38 26.93
-107.11 23.09
-97.66 19.08
-88.00 14.89
-78.13 10.50
-68.00 5.90
-57.52 1.17
-46.76 -3.56
-35.81 -8.28
-24.72 -13.00
-13.52 -17.61
-2.19 -22.01
9.11 -26.10
20.01 -29.77
30.50 -32.89
40.67 -35.54
50.55 -37.78
60.17 -39.64
69.53 -41.13
78.64 -42.26
87.46 -43.01
95.92 -43.56
104.13 -44.05
112.16 -44.44
120.01 -44.73
127.70 -44.92
135.24 -44.99
142.64 -44.94
149.90 -44.78
157.03 -44.51
164.03 -44.11
170.92 -43.61
177.68 -42.98
184.33 -42.24
190.87 -41.38
197.30 -40.40
203.62 -39.29
209.85 -38.07
215.98 -36.73
222.01 -35.26
227.96 -33.66
233.82 -31.94
239.60 -30.08
245.30 -28.09
250.94 -25.97
256.51 -23.72
262.03 -21.32
267.51 -18.79
272.95 -16.12
278.38 -13.31
283.79 -10.37
289.22 -7.31
294.68 -4.15
300.16 -0.91
305.67 2.38
311.21 5.71
316.75 9.07
322.28 12.44
327.79 15.84
333.26 19.26
338.66 22.74
343.97 26.28
349.09 29.89
353.94 33.42
358.58 36.78
363.07 39.96
367.43 42.96
371.66 45.80
375.78 48.48
379.78 51.02
383.67 53.42
387.46 55.68
391.14 57.81
394.71 59.82
398.18 61.69
401.54 63.45
404.79 65.09
407.94 66.60
410.98 68.01
413.91 69.30
416.73 70.47
419.45 71.54
422.06 72.50
424.55 73.34
426.93 74.09
429.20 74.72
431.36 75.25
433.40 75.68
435.33 76.00
437.14 76.22
438.83 76.34
440.40 76.36
441.86 76.27
443.19 76.09
444.39 75.80
445.48 75.41
446.43 74.93
447.26 74.34
447.95 73.66
448.52 72.87
448.94 71.99
449.23 71.00
449.37 69.92
449.37 68.73
449.21 67.44
448.89 66.05
448.39 64.57
447.70 62.99
446.80 61.35
445.64 59.69
444.28 58.15
442.83 56.79
441.40 55.59
440.06 54.50
438.89 53.43
437.85 52.27
436.92 50.99
436.07 49.57
435.31 48.01
434.63 46.33
434.05 44.52
433.62 42.64
433.32 40.74
433.11 38.90
432.95 37.12
432.81 35.41
432.66 33.76
432.49 32.16
432.30 30.60
432.09 29.09
431.85 27.62
431.59 26.18
431.29 24.78
430.97 23.41
430.63 22.07
430.26 20.76
429.86 19.49
429.45 18.26
429.03 17.06
428.59 15.90
428.15 14.80
427.70 13.75
427.15 12.99
426.24 12.38
425.04 11.81
423.59 11.23
421.92 10.64
420.03 10.04
417.95 9.43
415.67 8.80
413.21 8.16
410.57 7.50
407.74 6.83
404.74 6.14
401.57 5.44
398.23 4.72
394.72 3.99
391.04 3.25
387.20 2.50
383.19 1.73
379.03 0.96
374.70 0.17
370.22 -0.62
365.57 -1.42
360.78 -2.23
355.83 -3.04
350.73 -3.85
345.48 -4.66
340.09 -5.47
334.55 -6.28
328.88 -7.07
323.07 -7.85
317.14 -8.62
311.09 -9.36
304.94 -10.08
298.71 -10.76
292.42 -11.41
286.12 -12.04
279.84 -12.70
273.58 -13.44
267.35 -14.28
261.12 -15.27
254.87 -16.42
248.60 -17.73
242.29 -19.21
235.94 -20.86
229.54 -22.70
223.09 -24.72
216.60 -26.93
210.07 -29.33
203.52 -31.94
196.97 -34.73
190.47 -37.70
184.04 -40.77
177.67 -43.87
171.31 -46.95
164.91 -50.02
158.46 -53.08
151.94 -56.14
145.33 -59.21
138.66 -62.33
132.01 -65.49
125.36 -68.47
118.56 -71.23
111.60 -73.83
104.48 -76.26
97.18 -78.54
89.71 -80.68
82.05 -82.67
74.22 -84.53
66.20 -86.24
58.01 -87.81
49.62 -89.24
41.05 -90.54
32.30 -91.69
23.37 -92.71
14.23 -93.59
4.94 -94.19
-4.30 -94.49
-13.53 -94.64
-22.75 -94.64
-31.98 -94.50
-41.21 -94.22
-50.44 -93.79
-59.68 -93.21
-68.94 -92.46
-78.22 -91.54
-87.53 -90.43
-96.86 -89.10
-106.22 -87.53
-115.59 -85.69
-124.94 -83.55
-134.25 -81.11
-143.50 -78.35
-152.69 -75.26
-161.80 -71.83
-170.78 -67.96
-179.43 -63.89
-187.80 -59.79
-195.94 -55.64
-203.87 -51.42
-211.59 -47.12
-219.11 -42.75
-226.43 -38.29
-233.56 -33.74
-240.51 -29.09
-247.27 -24.35
-253.87 -19.49
-260.32 -14.50
-266.70 -9.48
-272.91 -4.56
-278.91 0.29
-284.68 5.09
-290.22 9.85
-295.54 14.57
-300.62 19.26
-305.47 23.92
-310.08 28.53
-314.44 33.09
-318.55 37.60
-322.41 42.02
-326.02 46.31
-329.41 50.45
-332.63 54.39
-335.75 58.13
-338.82 61.67
-341.86 65.06
-344.90 68.31
-347.94 71.44
-351.01 74.45
-354.10 77.37
-357.23 80.19
-360.40 82.92
-363.64 85.55
-366.96 88.08
-370.36 90.49
-373.85 92.76
-377.42 94.85
-381.07 96.77
-384.77 98.49
-388.53 100.02
-392.32 101.35
-396.15 102.49
-400.02 103.43
-403.91 104.19
-407.84 104.75
-411.81 105.12
-415.82 105.30
-419.87 105.26
-423.96 104.98
-427.99 104.97
-431.91 105.17
-435.65 105.52
-439.19 106.00
-442.53 106.55
-445.66 107.17
-448.58 107.82
-451.31 108.51
-453.84 109.23
-456.17 109.96
-458.30 110.70
-460.25 111.44
-462.00 112.19
-463.57 112.94
-464.95 113.68
-466.14 114.41
-467.15 115.13
-467.98 115.84
-468.63 116.54
-469.09 117.22
-469.37 117.87
-469.47 118.51
-469.40 119.11
-469.14 119.69
-468.71 120.24
-468.09 120.76
-467.30 121.24
-466.34 121.68
-465.19 122.07
-463.87 122.42
-462.37 122.71
-460.70 122.94
-458.85 123.10
-456.82 123.19
-454.63 123.20
-452.27 123.11
-449.75 122.92
-447.08 122.61
-444.27 122.16
-441.34 121.57
-438.33 120.82
-435.27 119.91
-432.18 118.86
-429.09 117.69
-426.02 116.41
-422.97 115.04
-419.95 113.60
-416.95 112.11
-413.97 110.57
-411.02 109.00
-408.08 107.41
-405.15 105.79
-402.24 104.17
-399.32 102.53
-396.41 100.88
-393.50 99.23
-390.58 97.58
-387.65 95.94
-384.71 94.31
-381.75 92.68
-378.78 91.07
-375.78 89.47
-372.76 87.89
-369.71 86.33
-366.63 84.80
-363.52 83.30
-360.37 81.83
-357.19 80.40
-353.97 79.01
-350.72 77.66
-347.45 76.37
-344.17 75.13
-340.92 73.92
-337.71 72.63
-334.40 71.18
-330.90 69.60
-327.19 67.95
-323.26 66.24
-319.09 64.51
-314.68 62.79
-310.02 61.08
-305.11 59.41
-299.93 57.81
-294.49 56.28
-288.76 54.83
-282.73 53.47
-276.39 52.17
-269.73 50.92
-262.74 49.69
-255.44 48.45
-247.84 47.17
-239.96 45.84
-231.81 44.44
-223.41 42.97
-214.77 41.40
-205.91 39.75
-196.82 38.00
-187.52 36.16
-178.00 34.21
-168.28 32.15
-158.35 29.99
-148.21 27.72
-137.86 25.34
-127.29 22.84
-116.51 20.24
-105.50 17.53
-94.26 14.70
-82.78 11.78
-71.05 8.76
-59.07 5.66
-46.83 2.53
-34.39 -0.60
-21.78 -3.73
-9.04 -6.83
3.78 -9.91
16.66 -12.95
29.54 -15.98
42.38 -19.04
55.13 -22.21
67.73 -25.46
80.18 -28.79
92.50 -32.20
104.69 -35.70
116.77 -39.31
128.77 -43.07
140.70 -46.93
152.28 -50.66
163.53 -54.36
174.40 -58.04
184.83 -61.55
194.92 -64.77
204.75 -67.71
214.34 -70.41
223.72 -72.86
232.88 -75.10
241.84 -77.13
250.60 -78.96
259.16 -80.59
267.53 -82.03
275.70 -83.30
283.68 -84.39
291.48 -85.30
299.08 -86.05
306.49 -86.63
313.71 -87.06
320.75 -87.33
327.59 -87.44
334.25 -87.41
340.72 -87.22
347.00 -86.90
353.08 -86.43
358.98 -85.82
364.68 -85.08
370.18 -84.21
375.49 -83.20
380.60 -82.08
385.52 -80.83
390.23 -79.47
394.74 -78.00
399.05 -76.43
403.16 -74.76
407.06 -73.00
410.77 -71.15
414.29 -69.24
417.61 -67.26
420.76 -65.23
423.75 -63.14
426.57 -61.00
429.26 -58.80
431.80 -56.55
434.21 -54.23
436.50 -51.84
438.66 -49.37
440.70 -46.83
442.62 -44.19
444.41 -41.46
446.09 -38.63
447.63 -35.68
449.05 -32.60
450.34 -29.37
451.50 -25.96
452.38 -22.57
452.95 -19.57
453.35 -16.79
453.55 -14.21
453.59 -11.85
453.48 -9.72
453.27 -7.82
453.00 -6.15
452.68 -4.68
452.32 -3.40
451.94 -2.30
451.53 -1.35
451.10 -0.57
450.64 0.07
450.16 0.57
449.66 0.93
449.14 1.15
448.60 1.24
448.05 1.19
447.47 1.02
446.88 0.71
446.28 0.28
445.67 -0.29
445.05 -0.98
444.43 -1.82
443.82 -2.79
443.23 -3.90
442.67 -5.16
442.18 -6.58
441.81 -8.13
441.63 -9.71
441.60 -11.18
441.62 -12.49
441.64 -13.64
441.63 -14.65
441.58 -15.54
441.49 -16.31
441.35 -16.97
441.15 -17.52
440.90 -17.97
440.59 -18.33
440.22 -18.59
439.79 -18.75
439.29 -18.83
438.73 -18.82
438.10 -18.71
437.41 -18.52
436.65 -18.24
435.82 -17.88
434.91 -17.42
433.93 -16.89
432.87 -16.26
431.74 -15.55
430.52 -14.76
429.21 -13.87
427.82 -12.91
426.33 -11.86
424.75 -10.72
423.06 -9.50
421.26 -8.20
419.33 -6.82
417.27 -5.37
415.06 -3.85
412.68 -2.30
410.11 -0.74
407.37 0.76
404.48 2.14
401.52 3.37
398.54 4.46
395.57 5.41
392.64 6.26
389.75 7.01
386.92 7.69
384.14 8.30
381.41 8.86
378.75 9.37
376.15 9.84
373.62 10.29
371.16 10.71
368.77 11.14
366.46 11.57
364.23 12.02
362.07 12.51
359.99 13.07
357.98 13.72
356.00 14.50
354.01 15.42
351.96 16.47
349.84 17.65
347.61 18.94
345.29 20.32
342.86 21.78
340.32 23.33
337.68 24.97
334.93 26.71
332.07 28.55
329.09 30.55
325.94 32.74
322.52 35.12
318.76 37.66
314.64 40.29
310.14 42.98
305.27 45.69
300.04 48.41
294.46 51.11
288.52 53.78
282.24 56.40
275.62 58.98
268.66 61.49
261.36 63.93
253.73 66.28
245.78 68.55
237.50 70.71
228.90 72.75
219.98 74.68
210.74 76.46
201.19 78.10
191.35 79.57
181.20 80.86
170.78 81.96
160.08 82.86
149.14 83.54
137.95 84.01
126.55 84.24
114.93 84.24
103.12 84.01
91.13 83.54
78.96 82.83
66.63 81.88
54.14 80.68
41.51 79.23
28.74 77.52
15.84 75.53
2.83 73.27
-10.25 70.70
-23.38 67.84
-36.49 64.68
-49.53 61.29
-62.48 57.71
-75.36 54.01
-88.24 50.28
-100.96 46.59
-113.43 42.90
-125.69 39.21
-137.74 35.50
-149.59 31.78
-161.25 28.02
-172.71 24.23
-183.97 20.39
-195.03 16.49
-205.87 12.53
-216.45 8.52
-226.77 4.47
-236.80 0.41
-246.56 -3.64
-256.04 -7.65
-265.26 -11.61
-274.23 -15.51
-282.96 -19.35
-291.45 -23.12
-299.72 -26.81
-307.76 -30.42
-315.59 -33.95
-323.21 -37.40
-330.62 -40.76
-337.84 -44.02
-344.85 -47.19
-351.68 -50.25
-358.32 -53.20
-364.79 -56.04
-371.11 -58.75
-377.29 -61.34
-383.38 -63.83
-389.40 -66.24
-395.35 -68.63
-401.22 -71.03
-406.97 -73.47
-412.60 -75.94
-418.08 -78.45
-423.41 -80.99
-428.57 -83.55
-433.57 -86.13
-438.40 -88.73
-443.06 -91.33
-447.55 -93.94
-451.86 -96.56
-456.00 -99.17
-459.97 -101.79
-463.77 -104.39
-467.39 -106.99
-470.84 -109.58
-474.12 -112.16
-477.23 -114.73
-480.17 -117.29
-482.93 -119.83
-485.52 -122.36
-487.95 -124.87
-490.20 -127.37
-492.27 -129.86
-494.18 -132.32
-495.91 -134.78
-497.47 -137.22
-498.86 -139.64
-500.07 -142.05
-501.10 -144.45
-501.95 -146.84
-502.61 -149.23
-503.09 -151.61
-503.36 -153.98
-503.42 -156.37
-503.23 -158.76
-502.73 -161.13
-501.88 -163.36
-500.76 -165.29
-499.48 -166.89
-498.09 -168.20
-496.61 -169.23
-495.05 -170.00
-493.44 -170.50
-491.77 -170.75
-490.06 -170.75
-488.34 -170.50
-486.62 -170.02
-484.92 -169.34
-483.25 -168.46
-481.61 -167.41
-480.02 -166.21
-478.46 -164.89
-476.94 -163.45
-475.44 -161.91
-473.95 -160.26
-472.48 -158.52
