500.00 200.00
498.96 199.92
497.85 199.69
496.66 199.31
495.39 198.77
494.05 198.07
492.63 197.22
491.14 196.22
489.57 195.06
487.92 193.75
486.19 192.27
484.39 190.65
482.51 188.86
480.56 186.92
478.52 184.81
476.41 182.55
474.22 180.13
471.95 177.54
469.60 174.80
467.18 171.89
464.67 168.81
462.09 165.57
459.42 162.17
456.68 158.59
453.85 154.84
450.95 150.92
447.96 146.83
444.89 142.56
441.74 138.11
438.50 133.49
435.19 128.67
431.78 123.67
428.30 118.49
424.73 113.10
421.07 107.52
417.33 101.74
413.50 95.75
409.58 89.54
405.58 83.12
401.48 76.46
397.30 69.57
393.02 62.43
388.65 55.02
384.18 47.33
379.62 39.33
374.95 30.99
370.17 22.24
365.04 13.09
359.61 3.81
354.15 -5.37
348.79 -13.97
343.40 -22.06
337.94 -29.76
332.42 -37.10
326.82 -44.12
321.14 -50.84
315.38 -57.28
309.53 -63.46
303.60 -69.38
297.58 -75.05
291.47 -80.48
285.27 -85.67
278.97 -90.63
272.58 -95.37
266.09 -99.87
259.51 -104.16
252.83 -108.23
246.04 -112.08
239.15 -115.71
232.17 -119.13
225.07 -122.33
217.87 -125.32
210.57 -128.09
203.15 -130.64
195.63 -132.98
188.00 -135.10
180.25 -137.00
172.39 -138.67
164.41 -140.13
156.32 -141.35
148.10 -142.35
139.77 -143.11
131.31 -143.64
122.73 -143.92
114.02 -143.95
105.18 -143.74
96.21 -143.26
87.10 -142.51
77.85 -141.49
68.46 -140.18
58.91 -138.56
49.20 -136.63
39.30 -134.35
29.19 -131.70
18.70 -128.69
7.82 -125.64
-3.34 -122.64
-14.44 -119.69
-25.31 -116.71
-36.00 -113.66
-46.51 -110.53
-56.83 -107.31
-66.97 -104.00
-76.94 -100.60
-86.72 -97.11
-96.33 -93.53
-105.76 -89.87
-115.01 -86.11
-124.08 -82.27
-132.98 -78.34
-141.71 -74.33
-150.26 -70.23
-158.64 -66.04
-166.85 -61.76
-174.89 -57.40
-182.76 -52.94
-190.46 -48.38
-197.99 -43.73
-205.35 -38.97
-212.54 -34.10
-219.56 -29.11
-226.41 -23.99
-233.08 -18.72
-239.58 -13.28
-245.90 -7.63
-252.04 -1.68
-258.06 4.40
-263.89 10.01
-269.50 15.13
-274.98 19.76
-280.40 23.92
-285.90 27.68
-291.52 31.27
-297.17 34.76
-302.81 38.16
-308.42 41.49
-313.97 44.73
-319.47 47.88
-324.91 50.95
-330.28 53.95
-335.58 56.86
-340.81 59.69
-345.96 62.44
-351.04 65.12
-356.03 67.72
-360.95 70.25
-365.79 72.71
-370.55 75.09
-375.23 77.40
-379.83 79.64
-384.34 81.81
-388.77 83.92
-393.12 85.95
-397.39 87.92
-401.57 89.83
-405.67 91.67
-409.69 93.44
-413.62 95.16
-417.46 96.81
-421.22 98.40
-424.90 99.93
-428.50 101.40
-432.00 102.81
-435.43 104.16
-438.76 105.45
-442.02 106.69
-445.18 107.88
-448.27 109.01
-451.26 110.09
-454.17 111.11
-456.99 112.08
-459.73 113.01
-462.38 113.88
-464.94 114.71
-467.42 115.49
-469.81 116.23
-472.10 116.92
-474.31 117.57
-476.43 118.18
-478.46 118.76
-480.40 119.30
-482.24 119.82
-483.99 120.30
-485.64 120.76
-487.18 121.21
-488.63 121.64
-489.96 122.07
-491.16 122.50
-492.22 122.96
-493.07 123.44
-493.63 123.85
-493.94 124.02
-494.10 123.90
-494.17 123.51
-494.14 122.88
-494.05 122.02
-493.88 120.92
-493.65 119.61
-493.36 118.08
-493.00 116.34
-492.58 114.40
-492.10 112.24
-491.57 109.88
-490.98 107.32
-490.33 104.56
-489.63 101.59
-488.87 98.42
-488.06 95.05
-487.20 91.47
-486.30 87.69
-485.34 83.69
-484.33 79.49
-483.29 75.07
-482.20 70.44
-481.07 65.58
-479.91 60.50
-478.72 55.18
-477.51 49.63
-476.28 43.82
-475.07 37.75
-473.90 31.42
-472.82 24.85
-471.84 18.11
-470.93 11.23
-470.09 4.18
-469.32 -3.12
-468.63 -10.39
-467.97 -17.47
-467.30 -24.36
-466.58 -31.11
-465.80 -37.74
-464.94 -44.26
-464.00 -50.71
-462.97 -57.09
-461.82 -63.43
-460.53 -69.75
-459.05 -76.04
-457.32 -82.26
-455.33 -88.31
-453.12 -94.14
-450.72 -99.75
-448.17 -105.15
-445.46 -110.32
-442.62 -115.28
-439.64 -120.04
-436.54 -124.60
-433.31 -128.96
-429.97 -133.13
-426.50 -137.11
-422.93 -140.90
-419.24 -144.51
-415.44 -147.94
-411.52 -151.19
-407.50 -154.26
-403.37 -157.15
-399.14 -159.87
-394.79 -162.41
-390.35 -164.79
-385.79 -166.99
-381.13 -169.02
-376.36 -170.88
-371.49 -172.57
-366.52 -174.09
-361.44 -175.45
-356.26 -176.63
-350.97 -177.65
-345.58 -178.50
-340.08 -179.18
-334.48 -179.70
-328.78 -180.04
-322.97 -180.22
-317.06 -180.23
-311.04 -180.07
-304.91 -179.74
-298.68 -179.24
-292.35 -178.57
-285.90 -177.73
-279.35 -176.71
-272.69 -175.52
-265.92 -174.16
-259.04 -172.62
-252.06 -170.90
-244.96 -169.00
-237.75 -166.93
-230.42 -164.67
-222.99 -162.23
-215.43 -159.60
-207.76 -156.79
-199.98 -153.79
-192.07 -150.59
-184.04 -147.20
-175.89 -143.61
-167.62 -139.82
-159.22 -135.82
-150.69 -131.62
-142.03 -127.20
-133.24 -122.56
-124.31 -117.71
-115.24 -112.62
-106.03 -107.29
-96.67 -101.72
-87.17 -95.90
-77.50 -89.82
-67.68 -83.45
-57.69 -76.80
-47.53 -69.84
-37.19 -62.54
-26.66 -54.88
-15.93 -46.81
-4.99 -38.28
6.05 -29.23
16.98 -19.71
27.58 -9.93
37.72 -0.01
47.45 9.84
56.88 19.41
66.05 28.79
74.95 38.06
83.50 47.13
91.79 55.81
99.89 64.16
107.82 72.21
115.61 79.97
123.25 87.46
130.76 94.70
138.14 101.70
145.40 108.46
152.54 114.99
159.56 121.31
166.47 127.41
173.27 133.30
179.97 138.98
186.57 144.47
193.06 149.76
199.45 154.86
205.75 159.76
211.95 164.49
218.05 169.02
224.07 173.38
229.99 177.56
235.82 181.56
241.56 185.39
247.21 189.05
252.78 192.53
258.26 195.85
263.65 199.00
268.96 201.98
274.18 204.80
279.32 207.46
284.38 209.95
289.35 212.28
294.25 214.46
299.06 216.47
303.78 218.33
308.43 220.03
313.00 221.58
317.49 222.97
321.90 224.20
326.23 225.29
330.48 226.22
334.65 226.99
338.75 227.62
342.77 228.09
346.71 228.41
350.58 228.58
354.37 228.60
358.08 228.47
361.72 228.18
365.28 227.75
368.77 227.17
372.19 226.44
375.53 225.56
378.80 224.52
381.99 223.34
385.12 222.00
388.16 220.52
391.14 218.88
394.05 217.10
396.88 215.16
399.64 213.07
402.33 210.82
404.94 208.42
407.49 205.87
409.97 203.16
412.37 200.30
414.70 197.28
416.96 194.10
419.16 190.77
421.28 187.27
423.33 183.61
425.31 179.79
427.22 175.81
429.06 171.66
430.82 167.33
432.52 162.84
434.15 158.18
435.70 153.34
437.19 148.32
438.60 143.11
439.94 137.72
441.21 132.14
442.40 126.36
443.52 120.38
444.56 114.19
445.53 107.77
446.41 101.13
447.20 94.25
447.90 87.11
448.49 79.68
448.93 71.93
449.10 63.87
448.96 55.72
448.59 47.57
448.04 39.46
447.38 31.38
446.74 23.35
446.12 15.57
445.43 8.00
444.67 0.63
443.82 -6.57
442.89 -13.62
441.89 -20.54
440.81 -27.32
439.66 -33.98
438.45 -40.53
437.18 -46.97
435.85 -53.32
434.48 -59.58
433.09 -65.74
431.71 -71.81
430.34 -77.73
428.97 -83.46
427.57 -88.99
426.13 -94.32
424.64 -99.45
423.08 -104.40
421.45 -109.15
419.75 -113.72
417.97 -118.12
416.12 -122.33
414.20 -126.37
412.19 -130.24
410.11 -133.94
407.94 -137.47
405.69 -140.84
403.36 -144.03
400.95 -147.06
398.46 -149.93
395.88 -152.63
393.21 -155.17
390.46 -157.55
387.63 -159.76
384.70 -161.81
381.69 -163.70
378.60 -165.43
375.41 -166.99
372.14 -168.39
368.77 -169.63
365.32 -170.71
361.77 -171.63
358.14 -172.38
354.41 -172.97
350.59 -173.39
346.68 -173.65
342.67 -173.75
338.57 -173.68
334.37 -173.44
330.08 -173.04
325.70 -172.46
321.21 -171.72
316.63 -170.81
311.95 -169.73
307.17 -168.48
302.29 -167.05
297.30 -165.44
292.22 -163.66
287.03 -161.71
281.74 -159.57
276.35 -157.25
270.85 -154.74
265.24 -152.05
259.53 -149.17
253.70 -146.10
247.77 -142.84
241.73 -139.37
235.57 -135.70
229.30 -131.82
222.91 -127.73
216.41 -123.42
209.78 -118.88
203.03 -114.10
196.15 -109.06
189.12 -103.75
181.92 -98.15
174.45 -92.28
166.69 -86.29
158.73 -80.21
150.59 -73.99
142.26 -67.61
133.62 -61.05
124.72 -54.52
115.67 -48.02
106.51 -41.50
97.26 -34.85
88.02 -28.34
78.69 -22.06
69.25 -15.95
59.70 -10.00
50.03 -4.16
40.26 1.56
30.38 7.20
20.43 12.77
10.42 18.29
0.40 23.78
-9.56 29.24
-19.42 34.64
-29.17 39.96
-38.79 45.20
-48.26 50.33
-57.59 55.35
-66.77 60.26
-75.82 65.05
-84.72 69.72
-93.49 74.27
-102.13 78.70
-110.65 83.00
-119.04 87.18
-127.33 91.25
-135.51 95.19
-143.60 99.01
-151.59 102.71
-159.51 106.28
-167.37 109.72
-175.16 113.01
-182.90 116.13
-190.57 119.06
-198.17 121.80
-205.68 124.34
-213.10 126.67
-220.42 128.81
-227.64 130.74
-234.74 132.48
-241.73 134.02
-248.61 135.37
-255.36 136.53
-262.00 137.50
-268.52 138.28
-274.92 138.88
-281.20 139.29
-287.36 139.52
-293.40 139.57
-299.31 139.44
-305.10 139.12
-310.77 138.62
-316.31 137.94
-321.73 137.07
-327.02 136.02
-332.19 134.78
-337.23 133.36
-342.14 131.75
-346.92 129.95
-351.57 127.96
-356.09 125.77
-360.46 123.38
-364.70 120.79
-368.79 118.00
-372.74 114.99
-376.52 111.77
-380.14 108.34
-383.59 104.68
-386.85 100.79
-389.92 96.68
-392.78 92.32
-395.42 87.73
-397.94 82.87
-400.41 78.00
-402.73 73.22
-404.89 68.51
-406.85 63.86
-408.59 59.30
-410.11 54.86
-411.44 50.60
-412.62 46.53
-413.69 42.64
-414.65 38.91
-415.52 35.35
-416.30 31.93
-417.00 28.65
-417.62 25.50
-418.16 22.49
-418.62 19.60
-419.01 16.83
-419.33 14.18
-419.57 11.65
-419.74 9.22
-419.84 6.90
-419.88 4.69
-419.84 2.58
-419.73 0.57
-419.55 -1.34
-419.31 -3.15
-418.99 -4.86
-418.61 -6.48
-418.16 -8.00
-417.65 -9.44
-417.07 -10.78
-416.42 -12.02
-415.71 -13.18
-414.93 -14.25
-414.08 -15.23
-413.17 -16.12
-412.19 -16.93
-411.16 -17.65
-410.05 -18.28
-408.88 -18.82
-407.65 -19.28
-406.36 -19.66
-405.01 -19.95
-403.59 -20.15
-402.11 -20.27
-400.57 -20.31
-398.97 -20.26
-397.32 -20.13
-395.60 -19.92
-393.82 -19.62
-391.98 -19.24
-390.09 -18.78
-388.14 -18.23
-386.13 -17.61
-384.07 -16.90
-381.95 -16.10
-379.78 -15.23
-377.55 -14.27
-375.27 -13.24
-372.94 -12.12
-370.55 -10.91
-368.11 -9.63
-365.62 -8.26
-363.08 -6.81
-360.49 -5.28
-357.85 -3.66
-355.17 -1.96
-352.43 -0.18
-349.65 1.69
-346.83 3.64
-343.97 5.68
-341.06 7.80
-338.12 10.01
-335.14 12.31
-332.12 14.69
-329.08 17.16
-326.00 19.72
-322.90 22.37
-319.78 25.10
-316.64 27.92
-313.49 30.83
-310.33 33.83
-307.18 36.92
-304.03 40.09
-300.90 43.34
-297.81 46.67
-294.75 50.07
-291.75 53.53
-288.83 57.04
-285.99 60.55
-283.24 64.05
-280.57 67.49
-277.98 70.85
-275.44 74.10
-272.94 77.23
-270.49 80.22
-268.07 83.03
-265.66 85.62
-263.22 87.97
-260.71 90.06
-258.09 91.89
-255.34 93.47
-252.44 94.82
-249.37 95.93
-246.13 96.82
-242.70 97.49
-239.08 97.96
-235.26 98.22
-231.24 98.28
-227.00 98.15
-222.54 97.84
-217.86 97.34
-212.96 96.67
-207.83 95.82
-202.46 94.80
-196.86 93.62
-191.02 92.26
-184.93 90.75
-178.60 89.07
-172.01 87.23
-165.17 85.23
-158.06 83.07
-150.69 80.75
-143.04 78.28
-135.11 75.64
-126.89 72.83
-118.37 69.86
-109.53 66.71
-100.35 63.38
-90.86 59.73
-81.21 55.81
-71.35 51.77
-61.25 47.69
-51.06 43.61
-40.76 39.47
-30.33 35.30
-19.90 31.19
-9.54 27.06
0.78 22.90
11.05 18.71
21.28 14.50
31.48 10.26
41.65 6.00
51.81 1.74
61.94 -2.53
72.07 -6.80
82.19 -11.07
92.30 -15.32
102.41 -19.55
112.53 -23.76
122.65 -27.95
132.78 -32.10
142.92 -36.21
153.08 -40.27
163.26 -44.29
173.45 -48.24
183.66 -52.13
193.89 -55.94
204.14 -59.67
214.40 -63.31
224.68 -66.85
234.97 -70.29
245.26 -73.63
255.56 -76.84
265.85 -79.94
276.13 -82.92
286.40 -85.77
296.66 -88.49
306.90 -91.07
317.11 -93.52
327.30 -95.83
337.46 -97.99
347.59 -100.01
357.67 -101.87
367.72 -103.56
377.72 -105.08
387.66 -106.43
397.53 -107.59
407.31 -108.56
416.99 -109.34
426.56 -109.93
436.00 -110.32
445.30 -110.53
454.45 -110.56
463.43 -110.42
472.24 -110.12
480.87 -109.65
489.33 -109.03
497.59 -108.27
505.67 -107.37
513.55 -106.34
521.23 -105.18
528.71 -103.90
536.00 -102.51
543.07 -101.01
549.95 -99.40
556.62 -97.70
563.08 -95.91
569.33 -94.02
575.38 -92.05
581.22 -90.01
586.85 -87.88
592.27 -85.69
597.48 -83.42
602.49 -81.09
607.28 -78.70
611.87 -76.25
616.25 -73.75
620.41 -71.19
624.37 -68.59
628.12 -65.93
631.67 -63.24
635.00 -60.50
638.12 -57.73
641.03 -54.92
643.74 -52.08
646.23 -49.21
648.52 -46.32
650.60 -43.39
652.47 -40.45
654.13 -37.49
655.58 -34.51
656.82 -31.51
657.86 -28.51
658.69 -25.49
659.30 -22.46
659.72 -19.44
659.92 -16.40
659.91 -13.37
659.70 -10.34
659.28 -7.32
658.66 -4.30
657.82 -1.29
656.78 1.71
655.54 4.69
654.09 7.66
652.43 10.62
650.56 13.55
648.49 16.46
646.21 19.34
643.73 22.20
641.04 25.03
638.15 27.83
635.05 30.59
631.74 33.32
628.23 36.02
624.51 38.67
620.59 41.28
616.46 43.85
612.13 46.37
607.59 48.84
602.84 51.26
597.89 53.62
592.73 55.93
587.37 58.18
581.79 60.37
576.01 62.50
570.03 64.55
563.83 66.54
557.43 68.46
550.82 70.30
544.00 72.06
536.97 73.74
529.73 75.33
522.29 76.84
514.63 78.25
506.77 79.57
498.69 80.78
490.40 81.89
481.91 82.88
473.20 83.76
464.29 84.52
455.17 85.16
445.84 85.66
436.31 86.02
426.58 86.23
416.64 86.29
406.51 86.18
396.19 85.91
385.69 85.45
375.01 84.81
364.17 83.98
353.17 82.94
342.04 81.70
330.78 80.25
319.42 78.58
307.97 76.71
296.45 74.64
284.87 72.37
273.25 69.91
261.59 67.26
249.93 64.44
238.26 61.45
226.61 58.32
214.98 55.05
203.39 51.68
191.84 48.22
180.32 44.71
168.83 41.15
157.34 37.55
145.84 33.92
134.33 30.27
122.78 26.58
111.19 22.85
99.54 19.07
87.85 15.19
76.15 11.19
64.49 7.08
52.89 2.88
41.37 -1.41
29.95 -5.79
18.66 -10.23
7.50 -14.72
-3.52 -19.23
-14.40 -23.76
-25.14 -28.28
-35.75 -32.79
-46.22 -37.27
-56.55 -41.73
-66.74 -46.14
-76.79 -50.49
-86.68 -54.77
-96.41 -58.97
-105.97 -63.05
-115.36 -67.02
-124.58 -70.84
-133.61 -74.52
-142.46 -78.04
-151.12 -81.40
-159.58 -84.60
-167.84 -87.64
-175.91 -90.51
-183.77 -93.22
-191.42 -95.76
-198.88 -98.13
-206.13 -100.34
-213.17 -102.40
-220.01 -104.28
-226.65 -106.01
-233.09 -107.58
-239.32 -108.99
-245.36 -110.24
-251.20 -111.33
-256.85 -112.26
-262.30 -113.03
-267.56 -113.64
-272.64 -114.09
-277.52 -114.38
-282.23 -114.50
-286.75 -114.47
-291.09 -114.26
-295.26 -113.89
-299.26 -113.35
-303.09 -112.63
-306.76 -111.74
-310.28 -110.67
-313.64 -109.43
-316.85 -107.99
-319.93 -106.37
-322.88 -104.56
-325.71 -102.56
-328.44 -100.37
-331.08 -97.98
-333.64 -95.40
-336.14 -92.64
-338.61 -89.70
-341.05 -86.60
-343.47 -83.36
-345.89 -79.99
-348.32 -76.51
-350.74 -72.94
-353.16 -69.29
-355.59 -65.58
-358.00 -61.80
-360.41 -57.96
-362.81 -54.07
-365.22 -50.12
-367.64 -46.12
-370.10 -42.08
-372.62 -38.03
-375.21 -34.00
-377.85 -30.05
-380.53 -26.20
-383.23 -22.44
-385.94 -18.80
-388.63 -15.27
-391.30 -11.85
-393.95 -8.53
-396.57 -5.33
-399.14 -2.24
-401.67 0.75
-404.16 3.63
-406.60 6.41
-408.98 9.08
-411.31 11.65
-413.57 14.12
-415.78 16.49
-417.93 18.76
-420.01 20.92
-422.03 23.00
-423.98 24.97
-425.86 26.84
-427.67 28.62
-429.41 30.31
-431.08 31.90
-432.68 33.39
-434.20 34.80
-435.64 36.10
-437.01 37.32
-438.31 38.44
-439.52 39.47
-440.66 40.41
-441.72 41.26
-442.70 42.02
-443.60 42.69
-444.42 43.26
-445.15 43.75
-445.81 44.15
-446.38 44.45
-446.87 44.67
-447.27 44.80
-447.59 44.84
-447.82 44.79
-447.96 44.65
-448.02 44.42
-448.00 44.11
