-500.00 -200.00
-498.96 -199.92
-497.85 -199.69
-496.66 -199.31
-495.39 -198.77
-494.05 -198.07
-492.63 -197.22
-491.14 -196.22
-489.57 -195.06
-487.92 -193.75
-486.19 -192.27
-484.39 -190.65
-482.51 -188.86
-480.56 -186.92
-478.52 -184.81
-476.41 -182.55
-474.22 -180.13
-471.95 -177.54
-469.60 -174.80
-467.18 -171.89
-464.67 -168.81
-462.09 -165.57
-459.42 -162.17
-456.68 -158.59
-453.85 -154.84
-450.95 -150.92
-447.96 -146.83
-444.89 -142.56
-441.74 -138.11
-438.50 -133.49
-435.19 -128.67
-431.78 -123.67
-428.30 -118.49
-424.73 -113.10
-421.07 -107.52
-417.33 -101.74
-413.50 -95.75
-409.58 -89.54
-405.58 -83.12
-401.48 -76.46
-397.30 -69.57
-393.02 -62.43
-388.65 -55.02
-384.18 -47.33
-379.62 -39.33
-374.95 -30.99
-370.17 -22.24
-365.04 -13.09
-359.61 -3.81
-354.15 5.37
-348.79 13.97
-343.40 22.06
-337.94 29.76
-332.42 37.10
-326.82 44.12
-321.14 50.84
-315.38 57.28
-309.53 63.46
-303.60 69.38
-297.58 75.05
-291.47 80.48
-285.27 85.67
-278.97 90.63
-272.58 95.37
-266.09 99.87
-259.51 104.16
-252.83 108.23
-246.04 112.08
-239.15 115.71
-232.17 119.13
-225.07 122.33
-217.87 125.32
-210.57 128.09
-203.15 130.64
-195.63 132.98
-188.00 135.10
-180.25 137.00
-172.39 138.67
-164.41 140.13
-156.32 141.35
-148.10 142.35
-139.77 143.11
-131.31 143.64
-122.73 143.92
-114.02 143.95
-105.18 143.74
-96.21 143.26
-87.10 142.51
-77.85 141.49
-68.46 140.18
-58.91 138.56
-49.20 136.63
-39.30 134.35
-29.19 131.70
-18.70 128.69
-7.82 125.64
3.34 122.64
14.43 119.69
25.31 116.71
36.00 113.66
46.51 110.53
56.83 107.31
66.97 104.00
76.94 100.60
86.72 97.11
96.33 93.54
105.76 89.87
115.01 86.11
124.08 82.27
132.98 78.35
141.71 74.33
150.26 70.23
158.64 66.04
166.85 61.77
174.89 57.40
182.76 52.94
190.46 48.39
197.99 43.73
205.35 38.97
212.54 34.10
219.56 29.11
226.41 23.99
233.08 18.73
239.58 13.29
245.90 7.64
252.04 1.69
258.06 -4.39
263.89 -10.00
269.50 -15.12
274.98 -19.74
280.40 -23.89
285.90 -27.65
291.52 -31.24
297.18 -34.73
302.82 -38.13
308.42 -41.46
313.97 -44.69
319.47 -47.85
324.91 -50.92
330.28 -53.91
335.57 -56.82
340.80 -59.65
345.95 -62.40
351.02 -65.08
356.02 -67.68
360.94 -70.20
365.78 -72.65
370.54 -75.03
375.21 -77.34
379.81 -79.58
384.32 -81.75
388.75 -83.85
393.10 -85.88
397.36 -87.85
401.54 -89.75
405.64 -91.59
409.65 -93.36
413.58 -95.07
417.43 -96.71
421.19 -98.30
424.86 -99.83
428.45 -101.29
431.96 -102.70
435.38 -104.04
438.72 -105.33
441.97 -106.57
445.14 -107.75
448.22 -108.87
451.21 -109.94
454.12 -110.96
456.95 -111.93
459.68 -112.85
462.33 -113.71
464.89 -114.53
467.37 -115.31
469.76 -116.04
472.06 -116.72
474.27 -117.37
476.39 -117.97
478.42 -118.54
480.35 -119.07
482.20 -119.57
483.95 -120.05
485.60 -120.49
487.15 -120.93
488.60 -121.34
489.94 -121.76
491.15 -122.17
492.22 -122.61
493.10 -123.07
493.71 -123.49
494.03 -123.69
494.20 -123.60
494.27 -123.25
494.25 -122.64
494.16 -121.80
493.99 -120.73
493.76 -119.44
493.46 -117.93
493.10 -116.21
492.68 -114.28
492.20 -112.15
491.67 -109.81
491.07 -107.27
490.42 -104.53
489.72 -101.58
488.96 -98.43
488.14 -95.07
487.28 -91.51
486.37 -87.74
485.41 -83.77
484.40 -79.58
483.34 -75.18
482.25 -70.57
481.12 -65.73
479.95 -60.67
478.75 -55.37
477.53 -49.83
476.30 -44.04
475.08 -37.99
473.90 -31.68
472.81 -25.14
471.82 -18.43
470.90 -11.58
470.04 -4.57
469.26 2.68
468.56 9.89
467.89 16.89
467.21 23.72
466.47 30.40
465.68 36.95
464.81 43.39
463.85 49.74
462.80 56.02
461.64 62.25
460.36 68.43
458.94 74.58
457.34 80.69
455.52 86.74
453.45 92.68
451.14 98.45
448.63 104.03
445.93 109.39
443.08 114.55
440.07 119.50
436.92 124.24
433.63 128.78
430.22 133.13
426.69 137.29
423.03 141.25
419.26 145.03
415.37 148.62
411.37 152.03
407.26 155.26
403.04 158.32
398.72 161.19
394.28 163.89
389.74 166.41
385.10 168.76
380.35 170.93
375.50 172.94
370.54 174.77
365.48 176.43
360.32 177.92
355.06 179.24
349.69 180.39
344.23 181.37
338.66 182.19
332.99 182.83
327.22 183.30
321.35 183.60
315.38 183.73
309.30 183.70
303.12 183.49
296.84 183.10
290.46 182.55
283.98 181.82
277.39 180.92
270.70 179.84
263.90 178.59
257.00 177.16
249.99 175.55
242.88 173.76
235.66 171.79
228.34 169.63
220.90 167.29
213.36 164.77
205.70 162.05
197.93 159.15
190.05 156.04
182.05 152.75
173.94 149.25
165.71 145.55
157.36 141.64
148.88 137.52
140.29 133.19
131.56 128.63
122.71 123.85
113.73 118.84
104.61 113.59
95.35 108.10
85.94 102.35
76.39 96.33
66.69 90.04
56.82 83.46
46.79 76.57
36.59 69.34
26.20 61.75
15.62 53.77
4.84 45.32
-5.96 36.35
-16.43 26.84
-26.71 16.79
-36.79 6.44
-46.57 -4.18
-56.03 -14.75
-65.22 -25.11
-74.23 -35.34
-83.21 -45.46
-92.17 -55.24
-100.99 -64.65
-109.66 -73.73
-118.17 -82.52
-126.55 -91.04
-134.77 -99.29
-142.87 -107.30
-150.83 -115.07
-158.66 -122.61
-166.36 -129.92
-173.94 -137.02
-181.40 -143.91
-188.74 -150.60
-195.97 -157.08
-203.08 -163.37
-210.08 -169.47
-216.97 -175.37
-223.76 -181.10
-230.43 -186.64
-237.00 -192.00
-243.47 -197.18
-249.84 -202.20
-256.10 -207.04
-262.27 -211.71
-268.34 -216.21
-274.30 -220.55
-280.18 -224.72
-285.95 -228.73
-291.63 -232.58
-297.22 -236.28
-302.71 -239.81
-308.11 -243.19
-313.42 -246.41
-318.63 -249.49
-323.76 -252.41
-328.79 -255.17
-333.73 -257.79
-338.59 -260.26
-343.35 -262.58
-348.03 -264.75
-352.62 -266.78
-357.12 -268.66
-361.53 -270.40
-365.86 -271.99
-370.10 -273.44
-374.25 -274.75
-378.32 -275.91
-382.29 -276.93
-386.19 -277.82
-390.00 -278.56
-393.72 -279.16
-397.36 -279.62
-400.91 -279.94
-404.38 -280.12
-407.76 -280.16
-411.06 -280.07
-414.27 -279.84
-417.40 -279.47
-420.44 -278.96
-423.40 -278.31
-426.27 -277.53
-429.06 -276.61
-431.76 -275.55
-434.38 -274.35
-436.91 -273.02
-439.36 -271.55
-441.72 -269.94
-444.00 -268.20
-446.19 -266.31
-448.30 -264.29
-450.32 -262.13
-452.25 -259.83
-454.10 -257.40
-455.86 -254.82
-457.53 -252.10
-459.11 -249.24
-460.61 -246.25
-462.01 -243.11
-463.33 -239.83
-464.56 -236.40
-465.70 -232.84
-466.75 -229.12
-467.70 -225.27
-468.57 -221.27
-469.34 -217.12
-470.02 -212.82
-470.60 -208.38
-471.09 -203.78
-471.48 -199.04
-471.77 -194.14
-471.97 -189.08
-472.06 -183.87
-472.06 -178.51
-471.95 -172.98
-471.73 -167.29
-471.41 -161.44
-470.98 -155.42
-470.43 -149.23
-469.78 -142.87
-469.00 -136.34
-468.11 -129.62
-467.08 -122.73
-465.93 -115.64
-464.64 -108.36
-463.21 -100.89
-461.61 -93.20
-459.85 -85.31
-457.89 -77.20
-455.69 -68.87
-453.21 -60.37
-450.42 -51.79
-447.37 -43.20
-444.06 -34.62
-440.55 -26.11
-436.88 -17.67
-433.10 -9.27
-429.21 -0.91
-425.23 7.45
-421.18 15.84
-417.14 24.30
-413.15 32.68
-409.13 40.97
-405.18 49.18
-401.32 57.13
-397.45 64.82
-393.54 72.26
-389.60 79.47
-385.61 86.48
-381.57 93.28
-377.48 99.89
-373.33 106.31
-369.13 112.54
-364.88 118.60
-360.57 124.48
-356.20 130.19
-351.78 135.73
-347.29 141.10
-342.74 146.30
-338.14 151.34
-333.47 156.22
-328.74 160.93
-323.94 165.48
-319.08 169.88
-314.16 174.11
-309.17 178.18
-304.12 182.09
-299.00 185.85
-293.82 189.45
-288.56 192.89
-283.24 196.17
-277.86 199.29
-272.40 202.25
-266.87 205.06
-261.28 207.70
-255.62 210.19
-249.88 212.51
-244.08 214.67
-238.20 216.68
-232.26 218.52
-226.24 220.19
-220.15 221.71
-213.99 223.05
-207.75 224.23
-201.45 225.25
-195.07 226.09
-188.61 226.76
-182.08 227.27
-175.48 227.60
-168.80 227.75
-162.04 227.73
-155.21 227.53
-148.30 227.14
-141.32 226.58
-134.26 225.83
-127.12 224.90
-119.90 223.77
-112.61 222.46
-105.24 220.95
-97.79 219.25
-90.26 217.34
-82.65 215.24
-74.97 212.94
-67.21 210.44
-59.37 207.73
-51.46 204.82
-43.49 201.71
-35.45 198.41
-27.38 194.91
-19.27 191.21
-11.17 187.30
-3.08 183.18
4.99 178.82
13.01 174.21
20.98 169.35
28.89 164.20
36.73 158.78
44.49 153.06
52.16 147.05
59.73 140.74
67.20 134.13
74.57 127.22
81.83 120.00
89.00 112.49
96.09 104.66
103.12 96.53
110.14 88.11
117.18 79.42
124.31 70.53
131.55 61.55
138.85 52.58
146.15 43.67
153.42 34.80
160.63 25.99
167.75 17.22
174.79 8.48
181.72 -0.23
188.56 -8.94
195.29 -17.66
201.94 -26.42
208.59 -35.15
215.16 -43.71
221.56 -52.06
227.78 -60.17
233.85 -68.02
239.78 -75.62
245.60 -82.99
251.29 -90.12
256.86 -97.04
262.33 -103.74
267.68 -110.23
272.92 -116.52
278.05 -122.61
283.07 -128.50
287.98 -134.20
292.79 -139.71
297.49 -145.03
302.08 -150.16
306.56 -155.11
310.94 -159.87
315.21 -164.46
319.38 -168.86
323.44 -173.09
327.39 -177.14
331.24 -181.02
334.99 -184.72
338.62 -188.25
342.16 -191.60
345.59 -194.79
348.91 -197.80
352.13 -200.65
355.25 -203.32
358.25 -205.83
361.16 -208.17
363.95 -210.34
366.64 -212.34
369.22 -214.18
371.70 -215.84
374.07 -217.35
376.33 -218.68
378.47 -219.85
380.51 -220.85
382.44 -221.68
384.25 -222.35
385.95 -222.85
387.54 -223.18
389.00 -223.34
390.35 -223.33
391.57 -223.15
392.68 -222.80
393.65 -222.28
394.49 -221.58
395.21 -220.72
395.78 -219.67
396.21 -218.45
396.49 -217.06
396.61 -215.48
396.57 -213.73
396.35 -211.81
395.93 -209.72
395.31 -207.47
394.46 -205.09
393.39 -202.61
392.09 -200.06
390.59 -197.48
388.91 -194.86
387.06 -192.22
385.05 -189.54
382.87 -186.84
380.53 -184.10
377.99 -181.37
375.27 -178.66
372.39 -176.04
369.39 -173.52
366.30 -171.10
363.15 -168.77
359.95 -166.53
356.70 -164.36
353.43 -162.25
350.12 -160.20
346.78 -158.20
343.42 -156.25
340.03 -154.35
336.61 -152.48
333.18 -150.64
329.72 -148.84
326.24 -147.07
322.74 -145.32
319.23 -143.60
315.69 -141.91
312.13 -140.23
308.56 -138.57
304.97 -136.93
301.36 -135.31
297.73 -133.70
294.09 -132.11
290.43 -130.53
286.76 -128.97
283.07 -127.41
279.37 -125.87
275.65 -124.34
271.92 -122.81
268.17 -121.30
264.41 -119.79
260.64 -118.29
256.85 -116.80
253.06 -115.32
249.25 -113.84
245.43 -112.36
241.60 -110.90
237.76 -109.43
233.91 -107.97
230.06 -106.52
226.19 -105.06
222.32 -103.62
218.44 -102.17
214.56 -100.73
210.68 -99.29
206.79 -97.85
202.90 -96.41
199.01 -94.98
195.12 -93.54
191.23 -92.11
187.35 -90.68
183.47 -89.25
179.61 -87.82
175.75 -86.39
171.91 -84.96
168.08 -83.53
164.27 -82.10
160.49 -80.67
156.74 -79.24
153.02 -77.80
149.34 -76.37
145.70 -74.93
142.13 -73.48
138.62 -72.03
135.19 -70.56
131.86 -69.08
128.64 -67.56
125.56 -65.98
122.64 -64.31
119.87 -62.49
117.21 -60.48
114.61 -58.25
111.98 -55.82
109.24 -53.20
106.32 -50.41
103.16 -47.48
99.75 -44.41
96.07 -41.20
92.12 -37.85
87.89 -34.35
83.40 -30.70
78.66 -26.88
73.70 -22.90
68.52 -18.79
63.14 -14.57
57.56 -10.24
51.77 -5.84
45.79 -1.39
39.61 3.07
33.24 7.51
26.71 11.88
20.03 16.15
13.23 20.26
6.39 24.19
-0.46 27.98
-7.33 31.64
-14.23 35.19
-21.16 38.64
-28.17 42.01
-35.29 45.22
-42.37 48.22
-49.39 51.08
-56.34 53.83
-63.26 56.47
-70.14 59.02
-77.00 61.47
-83.85 63.85
-90.68 66.14
-97.52 68.35
-104.37 70.49
-111.22 72.55
-118.10 74.53
-125.00 76.44
-131.93 78.27
-138.89 80.02
-145.90 81.69
-152.96 83.28
-160.08 84.78
-167.26 86.18
-174.51 87.49
-181.84 88.68
-189.26 89.75
-196.76 90.68
-204.36 91.44
-212.04 92.00
-219.80 92.34
-227.60 92.41
-235.39 92.16
-243.05 91.56
-250.48 90.69
-257.64 89.59
-264.55 88.32
-271.20 86.90
-277.62 85.35
-283.80 83.68
-289.77 81.90
-295.52 80.02
-301.08 78.04
-306.45 75.95
-311.65 73.77
-316.72 71.48
-321.74 69.13
-326.64 66.90
-331.32 64.79
-335.77 62.78
-339.97 60.84
-343.95 58.98
-347.70 57.18
-351.21 55.44
-354.51 53.75
-357.58 52.13
-360.43 50.56
-363.06 49.04
-365.47 47.58
-367.67 46.18
-369.66 44.83
-371.43 43.54
-372.98 42.31
-374.33 41.14
-375.46 40.03
-376.38 38.98
-377.09 38.00
-377.58 37.08
-377.87 36.24
-377.94 35.46
-377.80 34.77
-377.45 34.16
-376.89 33.63
-376.11 33.20
-375.11 32.87
-373.90 32.64
-372.49 32.54
-370.86 32.57
-369.03 32.75
-367.03 33.09
-364.88 33.63
-362.65 34.34
-360.40 35.19
-358.13 36.10
-355.83 37.04
-353.48 37.98
-351.04 38.92
-348.50 39.85
-345.83 40.76
-342.97 41.68
-340.06 42.56
-337.38 43.33
-334.83 44.01
-332.37 44.61
-329.96 45.14
-327.61 45.60
-325.30 45.98
-323.02 46.29
-320.76 46.53
-318.53 46.70
-316.30 46.79
-314.09 46.80
-311.89 46.73
-309.69 46.58
-307.49 46.35
-305.29 46.03
-303.08 45.62
-300.87 45.12
-298.65 44.52
-296.43 43.82
-294.19 43.01
-291.93 42.07
-289.66 41.01
-287.37 39.80
-285.04 38.43
-282.64 36.85
-280.03 35.07
-277.13 33.29
-274.02 31.61
-270.75 30.05
-267.34 28.60
-263.81 27.24
-260.17 25.97
-256.42 24.79
-252.57 23.68
-248.62 22.66
-244.57 21.70
-240.43 20.81
-236.18 19.98
-231.85 19.21
-227.41 18.49
-222.89 17.82
-218.27 17.20
-213.55 16.63
-208.74 16.09
-203.84 15.58
-198.85 15.10
-193.77 14.64
-188.60 14.20
-183.35 13.77
-178.02 13.34
-172.62 12.92
-167.15 12.48
-161.62 12.04
-156.05 11.58
-150.43 11.11
-144.79 10.62
-139.13 10.13
-133.46 9.63
-127.79 9.14
-122.13 8.66
-116.49 8.23
-110.88 7.89
-105.40 7.55
-100.04 6.77
-94.74 5.62
-89.43 4.11
-84.05 2.28
-78.54 0.19
-72.89 -2.11
-67.13 -4.58
-61.24 -7.20
-55.24 -9.94
-49.13 -12.81
-42.93 -15.78
-36.63 -18.85
-30.23 -22.01
-23.75 -25.24
-17.18 -28.55
-10.52 -31.92
-3.79 -35.34
3.03 -38.80
9.92 -42.30
16.88 -45.83
23.91 -49.36
31.00 -52.89
38.13 -56.40
45.28 -59.87
52.42 -63.29
59.52 -66.66
66.52 -69.97
73.36 -73.23
79.99 -76.40
86.34 -79.37
92.46 -82.01
98.46 -84.30
104.36 -86.27
110.18 -87.92
115.92 -89.28
121.58 -90.37
127.15 -91.20
132.63 -91.79
138.02 -92.13
143.32 -92.25
148.51 -92.14
153.61 -91.83
158.60 -91.30
163.50 -90.59
168.30 -89.67
173.00 -88.57
177.61 -87.29
182.12 -85.83
186.55 -84.19
190.89 -82.39
195.15 -80.41
199.34 -78.26
203.46 -75.95
207.51 -73.47
211.51 -70.83
215.46 -68.03
219.38 -65.08
223.29 -61.97
227.19 -58.72
231.11 -55.34
235.07 -51.86
239.09 -48.33
243.15 -44.83
247.16 -41.41
251.08 -38.05
254.89 -34.72
258.60 -31.53
261.97 -28.58
264.98 -25.75
267.64 -23.00
269.95 -20.30
271.91 -17.64
273.55 -15.00
274.87 -12.37
275.87 -9.74
276.56 -7.10
276.95 -4.45
277.04 -1.77
276.84 0.93
276.37 3.67
275.62 6.43
274.59 9.23
273.30 12.05
271.72 14.91
269.86 17.81
267.72 20.76
265.28 23.77
262.53 26.85
259.47 30.06
256.10 33.45
252.48 37.10
248.78 41.08
245.18 45.29
241.72 49.61
238.39 53.98
235.18 58.35
232.06 62.72
229.02 67.06
226.06 71.37
223.17 75.65
220.36 79.89
217.62 84.08
214.94 88.22
212.34 92.31
209.81 96.33
207.36 100.29
204.99 104.16
202.70 107.95
200.50 111.65
198.37 115.24
196.33 118.72
194.38 122.07
192.51 125.29
190.72 128.36
189.02 131.27
187.41 134.00
185.87 136.52
184.40 138.80
182.93 140.78
181.30 142.47
179.41 144.03
177.29 145.56
174.98 147.07
172.51 148.58
169.88 150.10
167.10 151.61
164.17 153.13
161.09 154.65
157.85 156.19
154.47 157.75
150.92 159.34
147.21 161.00
143.34 162.74
139.35 164.61
135.28 166.62
131.14 168.76
126.97 171.04
122.77 173.44
118.55 175.98
114.30 178.66
110.05 181.54
