500.00 100.00
498.96 99.96
497.85 99.86
496.65 99.68
495.38 99.43
494.03 99.10
492.60 98.71
491.10 98.24
489.52 97.70
487.86 97.09
486.12 96.40
484.30 95.64
482.40 94.81
480.43 93.91
478.37 92.93
476.24 91.88
474.03 90.75
471.73 89.55
469.36 88.28
466.91 86.93
464.38 85.50
461.77 84.00
459.07 82.42
456.30 80.76
453.44 79.03
450.51 77.22
447.49 75.33
444.39 73.36
441.21 71.30
437.94 69.17
434.60 66.96
431.16 64.66
427.65 62.28
424.05 59.82
420.37 57.27
416.60 54.63
412.75 51.90
408.81 49.09
404.79 46.18
400.68 43.18
396.49 40.09
392.21 36.90
387.84 33.62
383.39 30.24
378.85 26.77
374.23 23.21
369.54 19.58
365.01 15.81
360.58 11.52
356.01 6.66
351.16 1.26
345.96 -4.26
340.52 -9.38
334.96 -14.24
329.29 -18.91
323.51 -23.41
317.64 -27.77
311.66 -32.00
305.59 -36.12
299.42 -40.12
293.16 -44.02
286.79 -47.83
280.33 -51.54
273.77 -55.16
267.11 -58.70
260.36 -62.15
253.50 -65.52
246.54 -68.81
239.47 -72.02
232.31 -75.16
225.04 -78.22
217.67 -81.20
210.19 -84.12
202.60 -86.96
194.91 -89.73
187.10 -92.43
179.19 -95.05
171.16 -97.61
163.02 -100.09
154.77 -102.51
146.40 -104.85
137.92 -107.13
129.32 -109.33
120.60 -111.46
111.76 -113.53
102.80 -115.52
93.73 -117.44
84.53 -119.30
75.20 -121.09
65.76 -122.81
56.20 -124.47
46.53 -126.08
36.75 -127.65
26.89 -129.21
17.07 -130.70
7.27 -131.84
-2.77 -132.49
-12.74 -132.66
-22.54 -132.44
-32.19 -131.87
-41.71 -130.97
-51.10 -129.75
-60.38 -128.22
-69.54 -126.40
-78.59 -124.29
-87.53 -121.91
-96.36 -119.25
-105.08 -116.34
-113.69 -113.16
-122.20 -109.73
-130.61 -106.04
-138.92 -102.11
-147.13 -97.94
-155.24 -93.51
-163.26 -88.84
-171.19 -83.93
-179.02 -78.77
-186.78 -73.37
-194.45 -67.71
-202.03 -61.79
-209.55 -55.62
-216.99 -49.17
-224.36 -42.44
-231.67 -35.41
-238.93 -28.06
-246.14 -20.36
-253.34 -12.27
-260.64 -3.72
-268.15 4.90
-275.70 13.20
-283.14 21.36
-290.29 29.40
-297.11 37.15
-303.69 44.57
-310.07 51.68
-316.27 58.49
-322.32 65.03
-328.21 71.31
-333.96 77.34
-339.58 83.13
-345.05 88.69
-350.40 94.02
-355.63 99.13
-360.73 104.03
-365.71 108.71
-370.57 113.19
-375.32 117.46
-379.95 121.54
-384.47 125.41
-388.88 129.09
-393.19 132.58
-397.39 135.88
-401.48 138.99
-405.47 141.91
-409.35 144.64
-413.13 147.20
-416.82 149.57
-420.40 151.75
-423.89 153.76
-427.28 155.58
-430.57 157.23
-433.77 158.70
-436.88 159.99
-439.89 161.10
-442.80 162.03
-445.63 162.78
-448.37 163.36
-451.01 163.76
-453.57 163.98
-456.04 164.02
-458.42 163.88
-460.71 163.56
-462.92 163.07
-465.05 162.39
-467.09 161.53
-469.04 160.48
-470.92 159.25
-472.71 157.83
-474.42 156.22
-476.06 154.42
-477.62 152.43
-479.10 150.23
-480.51 147.84
-481.85 145.24
-483.12 142.43
-484.33 139.39
-485.49 136.13
-486.61 132.63
-487.71 128.88
-488.84 124.87
-490.11 120.69
-491.46 116.52
-492.79 112.40
-494.06 108.30
-495.24 104.21
-496.34 100.11
-497.35 95.98
-498.25 91.83
-499.06 87.64
-499.76 83.41
-500.37 79.13
-500.87 74.79
-501.26 70.38
-501.55 65.91
-501.73 61.37
-501.81 56.75
-501.77 52.04
-501.63 47.23
-501.37 42.33
-501.01 37.32
-500.53 32.18
-499.94 26.91
-499.23 21.49
-498.41 15.90
-497.47 10.10
-496.41 4.03
-495.44 -2.38
-494.56 -8.58
-493.57 -14.49
-492.43 -20.19
-491.13 -25.70
-489.63 -31.02
-487.91 -36.08
-486.02 -40.87
-484.00 -45.37
-481.84 -49.61
-479.56 -53.58
-477.18 -57.30
-474.68 -60.77
-472.07 -63.99
-469.37 -66.96
-466.56 -69.68
-463.66 -72.15
-460.67 -74.35
-457.61 -76.29
-454.50 -77.95
-451.41 -79.35
-448.37 -80.54
-445.41 -81.62
-442.48 -82.63
-439.54 -83.60
-436.58 -84.52
-433.58 -85.40
-430.52 -86.23
-427.41 -87.00
-424.23 -87.73
-420.97 -88.39
-417.65 -89.00
-414.25 -89.55
-410.76 -90.04
-407.20 -90.46
-403.55 -90.82
-399.81 -91.12
-395.98 -91.36
-392.07 -91.52
-388.06 -91.62
-383.95 -91.65
-379.75 -91.61
-375.46 -91.51
-371.06 -91.33
-366.57 -91.08
-361.98 -90.76
-357.28 -90.37
-352.48 -89.91
-347.58 -89.37
-342.57 -88.76
-337.46 -88.07
-332.23 -87.30
-326.90 -86.46
-321.46 -85.55
-315.90 -84.55
-310.24 -83.47
-304.45 -82.31
-298.56 -81.07
-292.54 -79.75
-286.41 -78.35
-280.16 -76.85
-273.79 -75.28
-267.29 -73.61
-260.67 -71.86
-253.93 -70.01
-247.05 -68.07
-240.05 -66.03
-232.92 -63.90
-225.66 -61.67
-218.25 -59.34
-210.72 -56.90
-203.04 -54.35
-195.22 -51.70
-187.26 -48.92
-179.15 -46.03
-170.88 -43.01
-162.47 -39.86
-153.90 -36.57
-145.17 -33.13
-136.27 -29.52
-127.21 -25.74
-117.99 -21.75
-108.62 -17.50
-99.29 -13.04
-90.02 -8.60
-80.71 -4.21
-71.33 0.16
-61.90 4.55
-52.49 8.85
-43.01 12.93
-33.38 16.78
-23.54 20.43
-13.48 23.85
-3.19 27.00
7.18 29.85
17.23 32.51
26.90 34.77
36.31 36.53
45.47 37.87
54.40 38.82
63.15 39.37
71.75 39.53
80.33 39.40
88.84 39.19
97.21 38.88
105.46 38.45
113.58 37.89
121.58 37.20
129.49 36.36
137.30 35.39
145.04 34.28
152.72 33.04
160.37 31.66
167.98 30.18
175.59 28.60
183.20 26.95
190.82 25.27
198.42 23.56
206.01 21.87
213.56 20.18
221.05 18.52
228.48 16.89
235.82 15.28
243.08 13.70
250.23 12.13
257.26 10.58
264.18 9.05
270.96 7.52
277.60 6.01
284.09 4.49
290.41 2.98
296.56 1.48
302.51 -0.01
308.25 -1.48
313.78 -2.90
319.07 -4.26
324.13 -5.53
328.98 -6.68
333.63 -7.70
338.08 -8.58
342.36 -9.31
346.48 -9.89
350.44 -10.31
354.26 -10.59
357.94 -10.71
361.48 -10.69
364.89 -10.51
368.17 -10.18
371.32 -9.71
374.34 -9.08
377.24 -8.30
380.00 -7.35
382.64 -6.25
385.14 -4.97
387.51 -3.52
389.73 -1.87
391.78 -0.00
393.58 2.14
395.20 4.21
396.82 6.14
398.42 7.99
400.00 9.79
401.56 11.55
403.10 13.28
404.62 14.99
406.12 16.68
407.59 18.36
409.04 20.04
410.47 21.70
411.88 23.36
413.27 25.02
414.63 26.69
415.98 28.35
417.31 30.02
418.62 31.70
419.92 33.39
421.20 35.09
422.48 36.80
423.74 38.53
424.99 40.27
426.23 42.03
427.48 43.81
428.72 45.62
429.97 47.45
431.22 49.31
432.49 51.21
433.79 53.14
435.11 55.11
436.48 57.12
437.92 59.17
439.46 61.26
441.14 63.32
442.93 65.26
444.75 67.05
446.64 68.68
448.54 69.96
450.31 70.90
451.95 71.53
453.44 71.89
454.77 71.97
455.95 71.80
456.96 71.38
457.80 70.71
458.46 69.80
458.93 68.65
459.19 67.28
459.22 65.69
459.01 63.90
458.56 61.95
457.87 59.84
456.94 57.60
455.77 55.24
454.39 52.76
452.78 50.17
450.97 47.46
448.95 44.64
446.73 41.71
444.31 38.65
441.70 35.46
438.90 32.13
435.91 28.64
432.74 24.96
429.40 21.06
425.94 16.84
422.62 12.40
419.47 8.13
416.38 4.06
413.29 0.18
410.18 -3.53
407.05 -7.07
403.88 -10.46
400.66 -13.71
397.39 -16.81
394.07 -19.78
390.69 -22.62
387.26 -25.34
383.76 -27.92
380.20 -30.39
376.57 -32.73
372.89 -34.96
369.13 -37.06
365.31 -39.05
361.41 -40.93
357.45 -42.69
353.42 -44.33
349.32 -45.86
345.14 -47.27
340.89 -48.57
336.57 -49.75
332.17 -50.82
327.70 -51.77
323.15 -52.60
318.52 -53.31
313.82 -53.91
309.04 -54.38
304.17 -54.73
299.23 -54.95
294.21 -55.05
289.11 -55.02
283.93 -54.85
278.67 -54.56
273.33 -54.12
267.92 -53.54
262.44 -52.81
256.90 -51.94
251.31 -50.91
245.69 -49.73
240.06 -48.41
234.46 -47.01
228.84 -45.59
223.16 -44.17
217.38 -42.75
211.45 -41.34
205.33 -39.92
198.96 -38.52
192.32 -37.20
185.41 -36.03
178.27 -35.06
170.94 -34.29
163.45 -33.72
155.80 -33.35
148.01 -33.17
140.08 -33.17
132.02 -33.37
123.83 -33.76
115.51 -34.34
107.07 -35.15
98.46 -36.26
89.59 -37.37
80.56 -38.38
71.41 -39.33
62.12 -40.23
52.73 -41.10
43.23 -41.93
33.64 -42.73
23.97 -43.50
14.24 -44.26
4.48 -45.01
-5.27 -45.78
-14.96 -46.58
-24.56 -47.40
-34.04 -48.23
-43.39 -49.08
-52.60 -49.95
-61.66 -50.84
-70.56 -51.75
-79.31 -52.69
-87.90 -53.67
-96.32 -54.69
-104.58 -55.76
-112.67 -56.90
-120.59 -58.12
-128.31 -59.42
-135.83 -60.85
-143.07 -62.39
-149.97 -63.95
-156.56 -65.45
-162.90 -66.88
-169.07 -68.34
-175.28 -69.64
-181.48 -70.60
-187.63 -71.26
-193.72 -71.64
-199.73 -71.76
-205.68 -71.63
-211.56 -71.26
-217.37 -70.65
-223.11 -69.80
-228.78 -68.72
-234.39 -67.42
-239.94 -65.89
-245.44 -64.13
-250.89 -62.14
-256.30 -59.92
-261.69 -57.45
-267.13 -54.77
-272.61 -51.99
-278.04 -49.18
-283.39 -46.31
-288.65 -43.36
-293.82 -40.32
-298.89 -37.20
-303.88 -33.97
-308.79 -30.64
-313.61 -27.20
-318.35 -23.66
-323.00 -20.01
-327.58 -16.24
-332.09 -12.36
-336.52 -8.36
-340.87 -4.24
-345.16 0.00
-349.38 4.37
-353.54 8.85
-357.64 13.47
-361.68 18.22
-365.66 23.10
-369.60 28.12
-373.49 33.28
-377.34 38.59
-381.16 44.05
-384.96 49.68
-388.78 55.46
-392.63 61.39
-396.55 67.41
-400.50 73.47
-404.44 79.56
-408.35 85.72
-412.23 91.95
-416.08 98.31
-419.91 104.87
-423.72 111.72
-427.65 118.26
-431.52 124.34
-435.23 130.08
-438.78 135.54
-442.19 140.73
-445.45 145.67
-448.57 150.39
-451.55 154.88
-454.40 159.16
-457.10 163.24
-459.68 167.11
-462.12 170.79
-464.43 174.28
-466.61 177.58
-468.66 180.69
-470.57 183.62
-472.36 186.37
-474.03 188.95
-475.56 191.35
-476.96 193.57
-478.24 195.62
-479.39 197.50
-480.41 199.21
-481.31 200.75
-482.07 202.12
-482.71 203.33
-483.22 204.36
-483.59 205.24
-483.84 205.94
-483.96 206.49
-483.95 206.86
-483.81 207.08
-483.54 207.13
-483.13 207.02
-482.59 206.74
-481.92 206.30
-481.11 205.70
-480.17 204.93
-479.09 204.01
-477.87 202.92
-476.51 201.66
-475.01 200.25
-473.37 198.67
-471.59 196.92
-469.67 195.02
-467.61 192.94
-465.39 190.71
-463.04 188.30
-460.53 185.73
-457.88 183.00
-455.07 180.09
-452.12 177.01
-449.01 173.76
-445.74 170.33
-442.32 166.72
-438.73 162.94
-434.98 158.97
-431.07 154.82
-426.98 150.48
-422.72 145.94
-418.28 141.20
-413.65 136.25
-408.83 131.09
-403.80 125.70
-398.53 120.06
-392.99 114.16
-387.06 108.10
-380.82 102.09
-374.38 96.12
-367.75 90.13
-360.90 84.11
-353.82 78.05
-346.44 71.98
-338.75 65.99
-330.87 60.19
-322.85 54.56
-314.72 49.07
-306.47 43.74
-298.12 38.57
-289.68 33.57
-281.18 28.73
-272.62 24.04
-264.01 19.51
-255.35 15.11
-246.64 10.84
-237.88 6.69
-229.08 2.67
-220.22 -1.23
-211.31 -5.02
-202.34 -8.70
-193.31 -12.26
-184.22 -15.72
-175.07 -19.06
-165.84 -22.30
-156.54 -25.43
-147.16 -28.45
-137.71 -31.35
-128.17 -34.14
-118.54 -36.82
-108.81 -39.37
-98.99 -41.80
-89.07 -44.10
-79.04 -46.26
-68.90 -48.28
-58.65 -50.14
-48.30 -51.83
-37.85 -53.34
-27.32 -54.65
-16.74 -55.76
-6.15 -56.66
4.41 -57.34
14.90 -57.80
25.27 -58.01
35.50 -57.97
45.54 -57.69
55.40 -57.15
65.03 -56.34
74.36 -55.27
83.33 -54.01
91.94 -52.59
100.21 -51.04
108.13 -49.38
115.71 -47.62
122.95 -45.76
129.82 -43.80
136.38 -41.82
142.90 -40.04
149.36 -38.39
155.75 -36.85
162.09 -35.39
168.37 -34.00
174.59 -32.67
180.75 -31.37
186.85 -30.12
192.89 -28.89
198.85 -27.69
204.74 -26.52
210.56 -25.37
216.30 -24.25
221.96 -23.15
227.53 -22.07
233.03 -21.03
238.43 -20.02
243.76 -19.05
249.00 -18.12
254.16 -17.23
259.24 -16.40
264.24 -15.62
269.18 -14.90
274.05 -14.24
278.86 -13.64
283.62 -13.11
288.33 -12.65
293.00 -12.25
297.63 -11.92
302.23 -11.66
306.81 -11.45
311.36 -11.31
315.89 -11.23
320.41 -11.21
324.92 -11.25
329.41 -11.34
333.91 -11.48
338.40 -11.67
342.89 -11.92
347.38 -12.21
351.88 -12.55
356.39 -12.94
360.91 -13.37
365.45 -13.85
370.01 -14.37
374.59 -14.93
379.20 -15.53
383.84 -16.17
388.52 -16.85
393.23 -17.56
398.00 -18.31
402.82 -19.10
407.70 -19.92
412.65 -20.77
417.68 -21.65
422.81 -22.55
428.05 -23.46
433.41 -24.38
438.90 -25.28
444.55 -26.16
450.34 -27.01
456.15 -27.95
461.72 -28.93
467.04 -29.85
472.12 -30.70
476.97 -31.49
481.61 -32.22
486.04 -32.89
490.26 -33.50
494.29 -34.07
498.13 -34.58
501.79 -35.04
505.26 -35.45
508.55 -35.82
511.67 -36.14
514.62 -36.42
517.39 -36.66
520.00 -36.85
522.45 -37.00
524.73 -37.10
526.84 -37.16
528.80 -37.18
530.60 -37.15
532.24 -37.08
533.72 -36.97
535.05 -36.82
536.22 -36.62
537.24 -36.37
538.10 -36.08
538.81 -35.75
539.37 -35.38
539.78 -34.96
540.03 -34.50
540.14 -33.99
540.09 -33.44
539.89 -32.85
539.53 -32.21
539.03 -31.53
538.37 -30.81
537.55 -30.04
536.59 -29.22
535.47 -28.36
534.19 -27.46
532.76 -26.51
531.17 -25.52
529.42 -24.49
527.52 -23.41
525.45 -22.28
523.22 -21.12
520.83 -19.90
518.28 -18.65
515.56 -17.35
512.67 -16.00
509.62 -14.62
506.40 -13.19
503.00 -11.71
499.43 -10.20
495.68 -8.64
491.75 -7.05
487.65 -5.41
483.36 -3.73
478.88 -2.02
474.21 -0.27
469.36 1.51
464.30 3.32
459.05 5.16
453.60 7.02
447.94 8.91
442.07 10.80
435.99 12.71
429.69 14.61
423.17 16.50
416.43 18.36
409.48 20.18
402.31 21.95
394.93 23.64
387.38 25.23
379.66 26.72
371.80 28.09
363.82 29.33
355.77 30.43
347.69 31.40
339.62 32.25
331.58 33.02
323.60 33.74
315.65 34.43
307.74 35.12
299.86 35.82
292.00 36.54
284.15 37.30
276.30 38.09
268.42 38.94
260.51 39.84
252.53 40.79
244.48 41.79
236.32 42.83
228.05 43.88
219.64 44.93
211.09 45.95
202.42 46.93
193.60 47.85
184.66 48.70
175.59 49.47
166.40 50.15
157.07 50.72
147.63 51.19
138.08 51.52
128.41 51.71
118.66 51.75
108.82 51.61
98.94 51.30
89.04 50.80
79.13 50.13
69.23 49.29
59.36 48.29
49.53 47.13
39.75 45.82
30.03 44.38
20.38 42.81
10.80 41.12
1.30 39.32
-8.13 37.42
-17.47 35.43
-26.73 33.36
-35.90 31.22
-44.99 29.01
-53.99 26.76
-62.90 24.46
-71.73 22.14
-80.48 19.82
-89.13 17.51
-97.69 15.27
-106.12 13.11
-114.39 11.06
-122.46 9.11
-130.32 7.27
-137.96 5.52
-145.37 3.87
-152.55 2.33
-159.51 0.89
-166.23 -0.44
-172.75 -1.65
-179.05 -2.73
-185.16 -3.67
-191.09 -4.46
-196.88 -5.08
-202.58 -5.56
-208.20 -5.89
-213.79 -6.10
-219.36 -6.23
-224.93 -6.28
-230.50 -6.29
-236.08 -6.26
-241.69 -6.22
-247.33 -6.19
-252.99 -6.19
-258.68 -6.22
-264.38 -6.31
-270.10 -6.47
-275.82 -6.69
-281.55 -7.00
-287.28 -7.39
-293.01 -7.87
-298.72 -8.44
-304.43 -9.11
-310.11 -9.88
-315.78 -10.75
-321.43 -11.73
-327.05 -12.82
-332.65 -14.02
-338.21 -15.34
-343.75 -16.78
-349.24 -18.34
-354.70 -20.04
-360.11 -21.86
-365.47 -23.82
-370.77 -25.93
-375.99 -28.18
-381.12 -30.59
-386.13 -33.14
-390.99 -35.80
-395.69 -38.54
-400.23 -41.31
-404.64 -44.11
-408.92 -46.91
-413.09 -49.72
-417.16 -52.53
-421.14 -55.34
-425.04 -58.16
-428.85 -60.98
-432.58 -63.82
-436.23 -66.67
-439.81 -69.53
-443.32 -72.41
-446.76 -75.31
-450.14 -78.22
-453.44 -81.16
-456.68 -84.13
-459.85 -87.12
-462.96 -90.14
-466.01 -93.20
-468.99 -96.30
-471.90 -99.43
-474.76 -102.61
-477.55 -105.84
-480.28 -109.12
-482.94 -112.47
-485.53 -115.87
-488.06 -119.35
-490.52 -122.91
-492.90 -126.55
-495.20 -130.30
-497.43 -134.16
-499.55 -138.15
-501.56 -142.31
-503.38 -146.66
-504.85 -151.09
-506.01 -155.40
-506.91 -159.59
-507.56 -163.66
-507.97 -167.58
-508.15 -171.35
-508.10 -174.96
-507.84 -178.39
-507.38 -181.66
-506.73 -184.74
-505.89 -187.64
