500.00 0.00
498.96 0.00
497.84 0.00
496.65 0.00
495.38 0.00
494.02 0.00
492.59 0.00
491.09 0.00
489.50 0.00
487.83 0.00
486.09 0.00
484.27 0.00
482.36 -0.00
480.38 -0.00
478.32 -0.00
476.18 -0.00
473.96 -0.00
471.66 -0.00
469.28 -0.00
466.82 -0.00
464.28 -0.00
461.65 -0.00
458.95 -0.00
456.17 -0.00
453.30 -0.00
450.36 -0.00
447.33 -0.00
444.21 -0.00
441.02 -0.00
437.74 -0.00
434.39 -0.00
430.94 -0.00
427.42 -0.00
423.81 -0.00
420.11 -0.00
416.34 -0.00
412.48 -0.00
408.53 -0.00
404.50 -0.00
400.38 -0.00
396.18 -0.00
391.89 -0.00
387.52 -0.00
383.06 -0.00
378.52 -0.00
373.89 -0.00
369.18 -0.00
364.39 -0.00
359.54 -0.00
354.55 -0.00
349.47 -0.00
344.68 -0.00
340.00 -0.00
335.23 -0.00
330.36 -0.00
325.36 -0.00
320.23 -0.00
314.98 -0.00
309.60 -0.00
304.09 -0.00
298.45 -0.00
292.69 -0.00
286.79 -0.00
280.76 -0.00
274.60 -0.00
268.31 -0.00
261.89 -0.00
255.34 -0.00
248.66 -0.00
241.84 -0.00
234.89 -0.00
227.80 -0.00
220.58 -0.00
213.23 -0.00
205.73 -0.00
198.10 -0.00
190.33 -0.00
182.42 -0.00
174.37 -0.00
166.17 -0.00
157.83 -0.00
149.34 -0.00
140.70 -0.00
131.92 -0.00
122.98 -0.00
113.89 -0.00
104.64 -0.00
95.24 -0.00
85.68 -0.00
75.96 -0.00
66.09 -0.00
56.05 -0.00
45.87 -0.00
35.53 -0.00
25.05 -0.00
14.44 -0.00
3.69 -0.00
-7.08 -0.00
-17.66 -0.00
-28.11 -0.00
-38.43 -0.00
-48.61 -0.00
-58.63 -0.00
-68.51 -0.00
-78.24 -0.00
-87.83 -0.00
-97.26 -0.00
-106.55 -0.00
-115.70 -0.00
-124.71 -0.00
-133.58 -0.00
-142.32 -0.00
-150.94 -0.00
-159.42 -0.00
-167.78 -0.00
-176.02 -0.00
-184.14 -0.00
-192.14 -0.00
-200.03 -0.00
-207.80 -0.00
-215.47 -0.00
-223.03 -0.00
-230.48 -0.00
-237.82 -0.00
-245.06 -0.00
-252.18 0.00
-259.02 0.00
-265.47 0.00
-271.43 0.01
-276.99 0.01
-282.38 0.01
-287.65 0.01
-292.83 0.02
-297.91 0.02
-302.91 0.02
-307.82 0.03
-312.66 0.03
-317.42 0.03
-322.10 0.04
-326.71 0.04
-331.25 0.05
-335.72 0.05
-340.12 0.05
-344.46 0.06
-348.73 0.06
-352.93 0.07
-357.07 0.07
-361.14 0.08
-365.15 0.08
-369.10 0.09
-372.99 0.09
-376.81 0.10
-380.57 0.10
-384.28 0.11
-387.92 0.11
-391.50 0.12
-395.02 0.12
-398.49 0.13
-401.89 0.13
-405.24 0.14
-408.53 0.14
-411.76 0.15
-414.93 0.16
-418.04 0.16
-421.09 0.17
-424.09 0.18
-427.03 0.18
-429.91 0.19
-432.74 0.20
-435.51 0.20
-438.22 0.21
-440.87 0.22
-443.46 0.22
-446.00 0.23
-448.48 0.24
-450.90 0.25
-453.26 0.25
-455.57 0.26
-457.82 0.27
-460.01 0.28
-462.14 0.29
-464.21 0.30
-466.22 0.31
-468.18 0.31
-470.07 0.32
-471.91 0.33
-473.68 0.34
-475.40 0.35
-477.05 0.36
-478.64 0.37
-480.17 0.39
-481.64 0.40
-483.04 0.41
-484.38 0.42
-485.66 0.43
-486.87 0.45
-488.02 0.46
-489.11 0.47
-490.13 0.49
-491.08 0.50
-491.96 0.52
-492.78 0.53
-493.54 0.55
-494.22 0.57
-494.84 0.59
-495.38 0.61
-495.86 0.63
-496.27 0.65
-496.60 0.67
-496.87 0.70
-497.06 0.73
-497.17 0.76
-497.21 0.79
-497.16 0.83
-497.03 0.88
-496.81 0.95
-496.25 0.92
-495.24 0.78
-494.05 0.67
-492.71 0.57
-491.22 0.47
-489.57 0.38
-487.73 0.28
-485.68 0.19
-483.35 0.09
-480.70 -0.02
-477.70 -0.13
-474.43 -0.24
-471.00 -0.35
-467.46 -0.47
-463.84 -0.58
-460.16 -0.70
-456.41 -0.82
-452.62 -0.94
-448.77 -1.06
-444.88 -1.18
-440.94 -1.30
-436.96 -1.43
-432.94 -1.56
-428.87 -1.69
-424.76 -1.82
-420.60 -1.95
-416.40 -2.09
-412.16 -2.22
-407.88 -2.36
-403.56 -2.50
-399.20 -2.64
-394.79 -2.79
-390.34 -2.93
-385.86 -3.08
-381.33 -3.23
-376.76 -3.38
-372.15 -3.53
-367.50 -3.68
-362.81 -3.84
-358.08 -4.00
-353.30 -4.16
-348.49 -4.32
-343.64 -4.48
-338.74 -4.65
-333.81 -4.82
-328.83 -4.99
-323.81 -5.16
-318.75 -5.34
-313.65 -5.51
-308.51 -5.69
-303.32 -5.88
-298.09 -6.06
-292.81 -6.25
-287.49 -6.44
-282.13 -6.64
-276.72 -6.83
-271.27 -7.04
-265.77 -7.24
-260.22 -7.45
-254.63 -7.66
-248.98 -7.88
-243.29 -8.10
-237.55 -8.32
-231.76 -8.55
-225.92 -8.79
-220.03 -9.03
-214.08 -9.28
-208.08 -9.54
-202.02 -9.80
-195.91 -10.07
-189.73 -10.35
-183.50 -10.64
-177.21 -10.94
-170.86 -11.26
-164.44 -11.58
-157.95 -11.93
-151.40 -12.30
-144.77 -12.68
-138.07 -13.10
-131.30 -13.56
-124.44 -14.06
-117.48 -14.64
-110.40 -15.33
-103.01 -16.08
-95.27 -16.64
-87.29 -16.98
-79.07 -17.10
-70.61 -17.02
-61.91 -16.74
-52.94 -16.24
-43.65 -15.53
-33.98 -14.62
-23.85 -13.58
-13.25 -12.45
-2.18 -11.20
8.96 -9.78
19.92 -8.29
30.79 -6.69
41.59 -4.86
52.37 -2.90
63.01 -0.97
73.48 0.95
83.76 2.88
93.86 4.81
103.76 6.75
113.47 8.71
122.99 10.69
132.31 12.69
141.43 14.72
150.34 16.77
159.04 18.84
167.50 20.94
175.72 23.04
183.69 25.15
191.40 27.23
198.83 29.27
206.00 31.23
212.92 33.09
219.59 34.83
226.05 36.44
232.30 37.91
238.37 39.22
244.27 40.40
250.01 41.42
255.60 42.30
261.05 43.04
266.36 43.63
271.55 44.08
276.61 44.39
281.55 44.56
286.38 44.60
291.10 44.50
295.72 44.26
300.23 43.88
304.63 43.37
308.94 42.72
313.14 41.92
317.25 40.98
321.27 39.89
325.19 38.65
329.03 37.24
332.79 35.66
336.48 33.88
340.13 31.89
343.83 29.70
347.65 27.43
351.54 25.20
355.44 23.01
359.33 20.85
363.19 18.71
367.03 16.58
370.84 14.45
374.63 12.30
378.38 10.13
382.11 7.92
385.83 5.66
389.55 3.31
393.38 0.82
397.22 -1.45
400.92 -3.46
404.48 -5.27
407.90 -6.89
411.19 -8.34
414.35 -9.64
417.39 -10.80
420.31 -11.81
423.10 -12.68
425.77 -13.42
428.32 -14.03
430.75 -14.51
433.07 -14.86
435.27 -15.09
437.35 -15.20
439.32 -15.19
441.18 -15.05
442.92 -14.80
444.54 -14.43
446.06 -13.94
447.46 -13.32
448.75 -12.59
449.93 -11.74
451.00 -10.77
451.95 -9.67
452.80 -8.46
453.53 -7.11
454.16 -5.65
454.67 -4.05
455.08 -2.33
455.37 -0.47
455.56 1.53
455.63 3.67
455.59 5.95
455.44 8.38
455.17 10.97
454.79 13.72
454.29 16.64
453.66 19.74
452.90 23.05
451.98 26.59
450.79 30.32
449.35 34.05
447.75 37.78
445.97 41.53
444.01 45.28
441.88 48.96
439.63 52.51
437.33 55.91
435.01 59.15
432.72 62.20
430.44 65.08
428.19 67.75
425.97 70.22
423.75 72.49
421.55 74.56
419.36 76.41
417.16 78.06
414.96 79.50
412.75 80.74
410.54 81.77
408.31 82.60
406.06 83.23
403.80 83.65
401.51 83.87
399.22 83.88
396.90 83.69
394.57 83.29
392.22 82.69
389.87 81.88
387.52 80.85
385.19 79.62
382.90 78.19
380.68 76.60
378.52 74.92
376.37 73.19
374.20 71.41
371.99 69.57
369.74 67.65
367.42 65.66
365.05 63.59
362.62 61.43
360.13 59.17
357.56 56.83
354.94 54.38
352.24 51.83
349.47 49.17
346.63 46.40
343.72 43.52
340.73 40.52
337.66 37.39
334.51 34.14
331.28 30.76
327.96 27.24
324.55 23.58
321.04 19.77
317.43 15.80
313.70 11.66
309.85 7.35
305.84 2.86
301.65 -1.81
297.24 -6.66
292.58 -11.64
287.65 -16.71
282.46 -21.84
277.00 -27.00
271.30 -32.18
265.35 -37.38
259.14 -42.60
252.65 -47.81
245.86 -52.97
238.80 -58.00
231.50 -62.88
224.02 -67.61
216.36 -72.18
208.55 -76.63
200.60 -80.95
192.53 -85.15
184.34 -89.27
176.06 -93.31
167.81 -97.25
159.57 -100.92
151.28 -104.28
142.90 -107.36
134.43 -110.17
125.87 -112.70
117.21 -114.98
108.46 -116.99
99.62 -118.74
90.69 -120.24
81.67 -121.48
72.58 -122.46
63.40 -123.18
54.16 -123.64
44.85 -123.84
35.48 -123.78
26.06 -123.45
16.60 -122.86
7.11 -121.99
-2.39 -120.81
-11.85 -119.31
-21.17 -117.49
-30.34 -115.40
-39.32 -113.06
-48.12 -110.46
-56.72 -107.63
-65.12 -104.56
-73.29 -101.26
-81.24 -97.74
-88.95 -94.01
-96.42 -90.08
-103.64 -85.96
-110.62 -81.68
-117.37 -77.25
-123.92 -72.70
-130.33 -68.02
-136.67 -63.24
-143.05 -58.46
-149.45 -53.79
-155.83 -49.24
-162.16 -44.82
-168.44 -40.50
-174.68 -36.26
-180.89 -32.11
-187.06 -28.03
-193.20 -24.01
-199.32 -20.05
-205.44 -16.14
-211.55 -12.27
-217.68 -8.45
-223.83 -4.68
-230.02 -0.97
-236.27 2.66
-242.58 6.17
-248.92 9.56
-255.27 12.81
-261.64 15.93
-268.00 18.93
-274.38 21.81
-280.76 24.58
-287.15 27.26
-293.56 29.85
-299.99 32.37
-306.45 34.83
-312.95 37.27
-319.48 39.72
-326.03 42.23
-332.53 44.84
-338.93 47.57
-345.19 50.39
-351.26 53.29
-357.16 56.25
-362.85 59.26
-368.35 62.31
-373.64 65.40
-378.74 68.51
-383.63 71.67
-388.32 74.86
-392.81 78.11
-397.07 81.43
-401.03 84.86
-404.60 88.18
-407.89 91.29
-410.92 94.21
-413.70 96.95
-416.23 99.52
-418.51 101.93
-420.54 104.16
-422.31 106.21
-423.81 108.08
-425.03 109.75
-425.96 111.19
-426.59 112.36
-426.90 113.21
-426.86 113.82
-426.70 114.40
-426.59 114.90
-426.53 115.32
-426.53 115.67
-426.59 115.95
-426.70 116.17
-426.86 116.34
-427.06 116.45
-427.29 116.52
-427.55 116.54
-427.85 116.51
-428.17 116.44
-428.51 116.34
-428.88 116.19
-429.26 116.01
-429.67 115.79
-430.08 115.54
-430.52 115.25
-430.96 114.94
-431.42 114.59
-431.89 114.22
-432.37 113.83
-432.86 113.41
-433.36 112.97
-433.87 112.52
-434.38 112.05
-434.90 111.57
-435.43 111.08
-435.96 110.60
-436.49 110.11
-437.03 109.63
-437.57 109.17
-438.12 108.73
-438.66 108.32
-439.19 107.96
-439.71 107.64
-440.20 107.40
-440.66 107.24
-441.05 107.18
-441.36 107.22
-441.54 107.36
-441.57 107.60
-441.42 107.92
-441.08 108.29
-440.54 108.69
-439.79 109.12
-438.83 109.55
-437.67 109.98
-436.31 110.39
-434.74 110.78
-432.99 111.15
-431.03 111.49
-428.89 111.79
-426.56 112.06
-424.04 112.29
-421.34 112.48
-418.46 112.63
-415.41 112.75
-412.19 112.83
-408.79 112.87
-405.24 112.87
-401.52 112.85
-397.66 112.81
-393.68 112.76
-389.60 112.72
-385.55 112.58
-381.43 112.11
-377.12 111.35
-372.60 110.32
-367.87 109.04
-362.94 107.53
-357.79 105.78
-352.43 103.80
-346.86 101.59
-341.07 99.15
-335.07 96.49
-328.85 93.59
-322.41 90.46
-315.75 87.11
-308.88 83.52
-301.77 79.71
-294.45 75.68
-286.90 71.48
-279.17 67.12
-271.30 62.66
-263.33 58.11
-255.31 53.51
-247.26 48.87
-239.17 44.22
-231.05 39.58
-222.86 34.96
-214.61 30.38
-206.28 25.83
-197.84 21.32
-189.29 16.86
-180.61 12.44
-171.79 8.07
-162.82 3.75
-153.68 -0.52
-144.38 -4.73
-134.88 -8.88
-125.20 -12.97
-115.31 -16.99
-105.20 -20.93
-94.87 -24.79
-84.30 -28.55
-73.50 -32.20
-62.46 -35.72
-51.19 -39.08
-39.71 -42.28
-28.05 -45.29
-16.25 -48.10
-4.34 -50.70
7.65 -53.07
19.69 -55.19
31.78 -57.06
43.89 -58.64
55.95 -59.89
67.88 -60.89
79.70 -61.64
91.42 -62.15
103.04 -62.40
114.56 -62.37
125.96 -62.03
137.23 -61.38
148.35 -60.41
159.34 -59.10
170.24 -57.49
181.13 -55.74
191.89 -54.01
202.46 -52.29
212.80 -50.58
222.92 -48.89
232.79 -47.20
242.44 -45.52
251.84 -43.85
261.00 -42.19
269.93 -40.54
278.62 -38.92
287.08 -37.31
295.30 -35.72
303.29 -34.16
311.04 -32.62
318.57 -31.12
325.86 -29.65
332.93 -28.21
339.77 -26.81
346.39 -25.46
352.78 -24.15
358.95 -22.89
364.90 -21.68
370.63 -20.52
376.15 -19.42
381.45 -18.39
386.54 -17.42
391.41 -16.52
396.08 -15.69
400.54 -14.94
404.80 -14.26
408.86 -13.67
412.71 -13.16
416.37 -12.74
419.84 -12.41
423.11 -12.18
426.20 -12.04
429.10 -12.01
431.83 -12.08
434.37 -12.25
436.73 -12.53
438.92 -12.92
440.94 -13.42
442.79 -14.03
444.47 -14.76
445.99 -15.61
447.34 -16.59
448.52 -17.69
449.54 -18.93
450.39 -20.31
451.07 -21.85
451.57 -23.60
452.03 -25.35
452.46 -26.72
452.73 -27.90
452.83 -28.92
452.74 -29.77
452.43 -30.45
451.99 -30.82
451.63 -30.94
451.36 -30.92
451.15 -30.80
450.98 -30.59
450.85 -30.28
450.73 -29.88
450.63 -29.39
450.54 -28.81
450.45 -28.15
450.36 -27.40
450.26 -26.56
450.15 -25.63
450.03 -24.61
449.88 -23.50
449.71 -22.30
449.51 -21.00
449.28 -19.60
449.00 -18.10
448.67 -16.49
448.27 -14.77
447.79 -12.92
447.20 -10.95
446.44 -8.87
445.43 -6.78
444.22 -4.82
442.91 -3.05
441.55 -1.45
440.15 -0.01
438.74 1.28
437.32 2.45
435.89 3.48
434.46 4.40
433.03 5.21
431.60 5.90
430.17 6.49
428.74 6.98
427.32 7.37
425.90 7.66
424.49 7.86
423.08 7.96
421.69 7.98
420.31 7.90
418.94 7.74
417.59 7.49
416.25 7.16
414.94 6.74
413.65 6.25
412.39 5.67
411.16 5.01
409.96 4.28
408.82 3.48
407.72 2.60
406.67 1.65
405.70 0.64
404.81 -0.43
404.02 -1.53
403.35 -2.66
402.81 -3.77
402.41 -4.79
402.10 -5.67
401.82 -6.35
401.52 -6.86
401.15 -7.19
400.72 -7.37
400.20 -7.40
399.59 -7.30
398.89 -7.05
398.10 -6.68
397.22 -6.17
396.24 -5.51
395.16 -4.71
393.96 -3.75
392.65 -2.63
391.19 -1.32
389.57 0.16
387.75 1.83
385.71 3.68
383.43 5.69
380.89 7.84
378.06 10.13
374.95 12.54
371.53 15.05
367.79 17.66
363.73 20.34
359.33 23.09
354.57 25.87
349.45 28.68
343.96 31.48
338.09 34.22
331.84 36.86
325.28 39.34
318.48 41.62
311.53 43.74
304.44 45.73
297.24 47.63
289.91 49.46
282.45 51.21
274.85 52.91
267.12 54.55
259.24 56.12
251.21 57.64
243.04 59.10
234.71 60.50
226.22 61.83
217.58 63.08
208.78 64.26
199.82 65.35
190.70 66.35
181.43 67.24
172.01 68.02
162.46 68.67
152.77 69.19
142.98 69.57
133.09 69.80
123.12 69.89
113.09 69.83
103.01 69.64
92.89 69.32
82.75 68.87
72.58 68.32
62.40 67.65
52.22 66.89
42.03 66.06
31.84 65.15
21.65 64.19
11.45 63.20
1.22 62.19
-9.04 61.19
-19.39 60.21
-29.89 59.26
-40.57 58.28
-51.47 57.24
-62.60 56.10
-73.95 54.84
-85.43 53.51
-96.84 52.15
-108.22 50.67
-119.56 49.07
-130.86 47.33
-142.11 45.46
-153.31 43.43
-164.46 41.25
-175.55 38.90
-186.57 36.39
-197.52 33.69
-208.39 30.81
-219.17 27.74
-229.85 24.48
-240.40 21.03
-250.82 17.39
-261.09 13.56
-271.19 9.57
-281.13 5.42
-290.88 1.11
-300.45 -3.33
-309.84 -7.91
-319.05 -12.62
-328.07 -17.46
-336.91 -22.43
-345.55 -27.53
-353.98 -32.76
-362.20 -38.13
-370.18 -43.64
-377.89 -49.27
-385.31 -55.02
-392.39 -60.87
-399.10 -66.74
-405.43 -72.57
-411.39 -78.30
-417.03 -83.90
-422.37 -89.33
-427.43 -94.60
-432.23 -99.69
-436.79 -104.59
-441.13 -109.31
-445.25 -113.84
-449.18 -118.18
-452.90 -122.34
-456.45 -126.31
-459.81 -130.09
-463.00 -133.68
-466.03 -137.09
-468.89 -140.31
-471.59 -143.34
-474.14 -146.18
-476.54 -148.83
-478.80 -151.30
-480.91 -153.57
-482.88 -155.66
-484.72 -157.55
-486.42 -159.24
-487.99 -160.75
-489.44 -162.05
-490.77 -163.16
-491.97 -164.06
-493.06 -164.76
-494.03 -165.25
-494.90 -165.53
-495.66 -165.59
-496.33 -165.42
-496.91 -165.03
-497.41 -164.40
-497.85 -163.52
-498.27 -162.38
-498.73 -161.01
-499.28 -159.52
-499.83 -158.07
-500.29 -156.66
-500.60 -155.27
-500.75 -153.85
-500.74 -152.39
-500.57 -150.86
-500.25 -149.23
-499.83 -147.45
-499.46 -145.64
-499.08 -143.98
-498.63 -142.44
-498.08 -141.03
-497.42 -139.72
-496.65 -138.51
-495.75 -137.39
-494.72 -136.35
-493.56 -135.38
-492.26 -134.49
-490.83 -133.67
