-500.00 200.00
-498.96 199.92
-497.85 199.69
-496.66 199.31
-495.39 198.77
-494.05 198.07
-492.63 197.22
-491.14 196.22
-489.57 195.06
-487.92 193.75
-486.19 192.27
-484.39 190.65
-482.51 188.86
-480.56 186.92
-478.52 184.81
-476.41 182.55
-474.22 180.13
-471.95 177.54
-469.60 174.80
-467.18 171.89
-464.67 168.81
-462.09 165.57
-459.42 162.17
-456.68 158.59
-453.85 154.84
-450.95 150.92
-447.96 146.83
-444.89 142.56
-441.74 138.11
-438.50 133.49
-435.19 128.67
-431.78 123.67
-428.30 118.49
-424.73 113.10
-421.07 107.52
-417.33 101.74
-413.50 95.75
-409.58 89.54
-405.58 83.12
-401.48 76.46
-397.30 69.57
-393.02 62.43
-388.65 55.02
-384.18 47.33
-379.62 39.33
-374.95 30.99
-370.17 22.24
-365.04 13.09
-359.61 3.81
-354.15 -5.37
-348.79 -13.97
-343.40 -22.06
-337.94 -29.76
-332.42 -37.10
-326.82 -44.12
-321.14 -50.84
-315.38 -57.28
-309.53 -63.46
-303.60 -69.38
-297.58 -75.05
-291.47 -80.48
-285.27 -85.67
-278.97 -90.63
-272.58 -95.37
-266.09 -99.87
-259.51 -104.16
-252.83 -108.23
-246.04 -112.08
-239.15 -115.71
-232.17 -119.13
-225.07 -122.33
-217.87 -125.32
-210.57 -128.09
-203.15 -130.64
-195.63 -132.98
-188.00 -135.10
-180.25 -137.00
-172.39 -138.67
-164.41 -140.13
-156.32 -141.35
-148.10 -142.35
-139.77 -143.11
-131.31 -143.64
-122.73 -143.92
-114.02 -143.95
-105.18 -143.74
-96.21 -143.26
-87.10 -142.51
-77.85 -141.49
-68.46 -140.18
-58.91 -138.56
-49.20 -136.63
-39.30 -134.35
-29.19 -131.70
-18.70 -128.69
-7.82 -125.64
3.34 -122.64
14.44 -119.69
25.32 -116.71
36.00 -113.66
46.51 -110.53
56.83 -107.31
66.97 -104.00
76.94 -100.60
86.72 -97.11
96.33 -93.53
105.76 -89.87
115.01 -86.11
124.08 -82.27
132.98 -78.34
141.71 -74.33
150.26 -70.23
158.64 -66.04
166.85 -61.77
174.89 -57.40
182.76 -52.94
190.46 -48.38
197.99 -43.73
205.35 -38.97
212.54 -34.10
219.56 -29.11
226.41 -23.99
233.08 -18.72
239.58 -13.28
245.90 -7.63
252.04 -1.68
258.06 4.40
263.89 10.01
269.49 15.13
274.97 19.75
280.39 23.90
285.90 27.66
291.52 31.25
297.17 34.74
302.81 38.15
308.41 41.47
313.96 44.71
319.46 47.86
324.90 50.93
330.27 53.92
335.56 56.83
340.79 59.66
345.94 62.42
351.02 65.09
356.01 67.69
360.93 70.22
365.77 72.67
370.53 75.05
375.20 77.36
379.80 79.60
384.31 81.77
388.74 83.87
393.09 85.91
397.36 87.88
401.54 89.78
405.64 91.61
409.65 93.39
413.58 95.10
417.43 96.75
421.19 98.33
424.86 99.86
428.46 101.32
431.96 102.73
435.39 104.08
438.72 105.37
441.98 106.61
445.14 107.79
448.23 108.91
451.22 109.99
454.13 111.01
456.96 111.98
459.69 112.89
462.34 113.76
464.91 114.58
467.38 115.36
469.77 116.09
472.07 116.78
474.28 117.42
476.40 118.03
478.43 118.60
480.37 119.13
482.22 119.64
483.97 120.11
485.62 120.57
487.17 121.00
488.62 121.42
489.96 121.83
491.17 122.25
492.24 122.69
493.13 123.15
493.73 123.58
494.06 123.78
494.23 123.69
494.29 123.34
494.27 122.74
494.18 121.90
494.01 120.83
493.78 119.54
493.48 118.03
493.12 116.32
492.70 114.39
492.22 112.26
491.68 109.93
491.09 107.39
490.44 104.64
489.73 101.70
488.97 98.55
488.16 95.20
487.30 91.64
486.38 87.88
485.42 83.91
484.41 79.73
483.36 75.33
482.26 70.72
481.13 65.89
479.96 60.83
478.76 55.54
477.53 50.01
476.30 44.23
475.08 38.18
473.90 31.88
472.80 25.35
471.79 18.65
470.86 11.80
469.98 4.79
469.19 -2.47
468.49 -9.70
467.83 -16.73
467.15 -23.59
466.43 -30.29
465.64 -36.86
464.77 -43.33
463.81 -49.71
462.75 -56.02
461.57 -62.26
460.26 -68.46
458.79 -74.62
457.14 -80.73
455.26 -86.75
453.15 -92.66
450.82 -98.40
448.28 -103.95
445.55 -109.31
442.66 -114.46
439.62 -119.41
436.44 -124.16
433.11 -128.71
429.66 -133.07
426.08 -137.24
422.37 -141.22
418.55 -145.01
414.62 -148.62
410.57 -152.05
406.40 -155.30
402.13 -158.37
397.75 -161.26
393.26 -163.98
388.67 -166.52
383.97 -168.89
379.17 -171.09
374.26 -173.11
369.25 -174.96
364.14 -176.65
358.92 -178.16
353.61 -179.50
348.19 -180.67
342.67 -181.68
337.06 -182.51
331.34 -183.17
325.52 -183.67
319.60 -183.99
313.58 -184.15
307.46 -184.13
301.23 -183.94
294.91 -183.59
288.49 -183.05
281.96 -182.35
275.34 -181.47
268.61 -180.42
261.78 -179.19
254.84 -177.79
247.80 -176.20
240.66 -174.44
233.41 -172.49
226.06 -170.36
218.59 -168.05
211.03 -165.55
203.35 -162.86
195.56 -159.99
187.66 -156.91
179.65 -153.64
171.52 -150.17
163.28 -146.50
154.92 -142.63
146.45 -138.54
137.85 -134.24
129.12 -129.71
120.27 -124.97
111.29 -119.99
102.18 -114.77
92.93 -109.31
83.55 -103.60
74.01 -97.61
64.33 -91.36
54.50 -84.81
44.50 -77.94
34.34 -70.75
24.00 -63.19
13.48 -55.22
2.78 -46.76
-8.00 -37.66
-18.55 -27.90
-28.76 -17.58
-38.60 -6.97
-47.99 3.84
-56.94 14.55
-65.64 25.08
-74.13 35.48
-82.59 45.77
-91.04 55.69
-99.35 65.27
-107.51 74.53
-115.53 83.50
-123.41 92.21
-131.16 100.65
-138.78 108.86
-146.28 116.83
-153.65 124.58
-160.91 132.11
-168.05 139.42
-175.07 146.53
-181.98 153.44
-188.79 160.15
-195.49 166.66
-202.08 172.99
-208.57 179.13
-214.96 185.09
-221.25 190.87
-227.44 196.48
-233.53 201.91
-239.53 207.17
-245.43 212.26
-251.24 217.18
-256.96 221.94
-262.59 226.54
-268.12 230.97
-273.56 235.25
-278.92 239.37
-284.19 243.33
-289.37 247.14
-294.46 250.79
-299.47 254.29
-304.39 257.64
-309.22 260.85
-313.97 263.90
-318.64 266.80
-323.23 269.56
-327.73 272.18
-332.15 274.65
-336.48 276.97
-340.74 279.16
-344.91 281.20
-349.00 283.10
-353.02 284.86
-356.95 286.48
-360.80 287.96
-364.57 289.30
-368.26 290.50
-371.88 291.56
-375.41 292.49
-378.87 293.28
-382.24 293.94
-385.54 294.46
-388.76 294.84
-391.91 295.09
-394.97 295.21
-397.96 295.18
-400.86 295.03
-403.70 294.74
-406.45 294.32
-409.12 293.76
-411.72 293.07
-414.24 292.25
-416.69 291.29
-419.05 290.20
-421.34 288.98
-423.55 287.62
-425.69 286.13
-427.74 284.51
-429.72 282.75
-431.62 280.86
-433.45 278.84
-435.19 276.68
-436.86 274.38
-438.45 271.96
-439.97 269.39
-441.40 266.70
-442.76 263.86
-444.04 260.89
-445.24 257.79
-446.36 254.55
-447.40 251.17
-448.37 247.65
-449.25 243.99
-450.06 240.20
-450.78 236.26
-451.43 232.18
-452.00 227.97
-452.48 223.61
-452.88 219.10
-453.21 214.46
-453.45 209.66
-453.61 204.72
-453.68 199.63
-453.68 194.40
-453.59 189.01
-453.41 183.47
-453.15 177.77
-452.81 171.92
-452.38 165.91
-451.86 159.74
-451.25 153.40
-450.55 146.90
-449.77 140.23
-448.89 133.38
-447.91 126.36
-446.84 119.15
-445.66 111.76
-444.38 104.18
-443.00 96.39
-441.49 88.39
-439.85 80.18
-438.06 71.75
-436.08 63.10
-433.89 54.27
-431.49 45.33
-428.91 36.29
-426.19 27.14
-423.26 17.85
-420.13 8.58
-416.88 -0.66
-413.56 -9.89
-410.23 -19.15
-406.93 -28.37
-403.65 -37.50
-400.39 -46.56
-397.17 -55.53
-394.04 -64.30
-390.90 -72.81
-387.73 -81.07
-384.50 -89.11
-381.20 -96.93
-377.84 -104.54
-374.41 -111.95
-370.90 -119.18
-367.31 -126.21
-363.65 -133.07
-359.91 -139.74
-356.08 -146.24
-352.18 -152.57
-348.20 -158.72
-344.14 -164.71
-339.99 -170.53
-335.76 -176.19
-331.45 -181.68
-327.05 -187.01
-322.57 -192.18
-318.01 -197.18
-313.36 -202.03
-308.63 -206.71
-303.81 -211.24
-298.91 -215.61
-293.92 -219.82
-288.84 -223.86
-283.67 -227.75
-278.42 -231.48
-273.08 -235.05
-267.65 -238.46
-262.14 -241.71
-256.53 -244.80
-250.84 -247.73
-245.05 -250.49
-239.18 -253.09
-233.21 -255.53
-227.16 -257.80
-221.01 -259.91
-214.77 -261.84
-208.44 -263.61
-202.01 -265.21
-195.50 -266.63
-188.89 -267.88
-182.18 -268.95
-175.39 -269.85
-168.49 -270.56
-161.51 -271.09
-154.42 -271.44
-147.25 -271.59
-139.98 -271.56
-132.61 -271.33
-125.15 -270.90
-117.59 -270.27
-109.94 -269.43
-102.20 -268.38
-94.36 -267.11
-86.43 -265.62
-78.42 -263.90
-70.31 -261.95
-62.13 -259.76
-53.86 -257.32
-45.52 -254.63
-37.11 -251.67
-28.64 -248.43
-20.12 -244.92
-11.56 -241.12
-2.98 -237.02
5.61 -232.63
14.19 -227.94
22.74 -222.95
31.25 -217.67
39.69 -212.10
48.07 -206.26
56.36 -200.14
64.57 -193.77
72.68 -187.15
80.70 -180.29
88.61 -173.19
96.43 -165.86
104.15 -158.31
111.77 -150.54
119.30 -142.56
126.73 -134.36
134.08 -125.95
141.34 -117.33
148.52 -108.49
155.63 -99.45
162.67 -90.19
169.66 -80.71
176.61 -71.01
183.54 -61.09
190.48 -50.94
197.48 -40.60
204.56 -30.13
211.70 -19.56
218.93 -8.89
226.28 1.84
233.77 12.51
241.35 23.08
249.02 33.51
256.75 43.73
264.50 53.68
272.19 63.37
279.80 72.81
287.31 82.01
294.72 91.00
302.01 99.77
309.18 108.34
316.22 116.71
323.15 124.90
329.95 132.91
336.62 140.74
343.17 148.41
349.60 155.90
355.90 163.23
362.08 170.41
368.14 177.43
374.07 184.29
379.88 191.00
385.57 197.57
391.14 203.99
396.59 210.26
401.92 216.39
407.13 222.38
412.22 228.24
417.20 233.95
422.05 239.53
426.80 244.98
431.42 250.29
435.93 255.47
440.33 260.52
444.61 265.44
448.78 270.23
452.84 274.89
456.78 279.43
460.61 283.84
464.33 288.13
467.94 292.29
471.44 296.32
474.83 300.24
478.11 304.03
481.28 307.71
484.34 311.26
487.29 314.69
490.13 318.00
492.86 321.19
495.49 324.27
498.01 327.22
500.42 330.06
502.72 332.78
504.92 335.39
507.01 337.87
509.00 340.25
510.87 342.50
512.64 344.65
514.31 346.67
515.87 348.59
517.32 350.38
518.67 352.07
519.91 353.64
521.05 355.09
522.08 356.44
523.00 357.67
523.82 358.79
524.54 359.79
525.15 360.68
525.65 361.46
526.05 362.13
526.34 362.69
526.52 363.13
526.61 363.46
526.58 363.68
526.45 363.79
526.21 363.79
525.87 363.67
525.42 363.44
524.86 363.11
524.20 362.66
523.42 362.10
522.55 361.43
521.56 360.64
520.47 359.75
519.27 358.74
517.96 357.62
516.54 356.40
515.01 355.06
513.37 353.60
511.63 352.04
509.77 350.36
507.81 348.58
505.73 346.68
503.54 344.66
501.24 342.54
498.83 340.30
496.30 337.95
493.66 335.49
490.91 332.91
488.04 330.22
485.06 327.42
481.97 324.50
478.75 321.47
475.42 318.33
471.97 315.07
468.41 311.69
464.72 308.20
460.91 304.60
456.99 300.88
452.94 297.04
448.76 293.08
444.47 289.01
440.05 284.82
435.50 280.51
430.83 276.09
426.02 271.54
421.09 266.88
416.03 262.10
410.83 257.19
405.50 252.17
400.04 247.02
394.44 241.75
388.69 236.36
382.81 230.85
376.79 225.21
370.62 219.44
364.30 213.56
357.83 207.54
351.21 201.40
344.44 195.13
337.51 188.74
330.41 182.22
323.15 175.56
315.73 168.78
308.13 161.87
300.35 154.83
292.40 147.65
284.26 140.35
275.92 132.91
267.39 125.35
258.65 117.65
249.71 109.83
240.54 101.87
231.15 93.79
221.52 85.59
211.64 77.26
201.51 68.81
191.11 60.26
180.43 51.59
169.44 42.82
158.14 33.97
146.51 25.07
134.54 16.13
122.24 7.21
109.63 -1.69
96.70 -10.56
83.46 -19.39
69.90 -28.19
56.02 -36.97
41.92 -45.71
27.78 -54.35
13.73 -62.82
-0.25 -71.10
-14.18 -79.17
-28.05 -87.05
-41.87 -94.73
-55.62 -102.22
-69.32 -109.51
-82.96 -116.61
-96.53 -123.51
-110.04 -130.23
-123.48 -136.76
-136.85 -143.09
-150.14 -149.22
-163.35 -155.16
-176.46 -160.90
-189.48 -166.45
-202.40 -171.80
-215.20 -176.97
-227.89 -181.96
-240.46 -186.76
-252.92 -191.39
-265.25 -195.86
-277.45 -200.15
-289.53 -204.28
-301.48 -208.26
-313.30 -212.07
-325.00 -215.74
-336.56 -219.26
-347.99 -222.63
-359.29 -225.87
-370.46 -228.96
-381.49 -231.91
-392.39 -234.73
-403.16 -237.42
-413.80 -239.98
-424.30 -242.42
-434.67 -244.73
-444.91 -246.91
-455.01 -248.98
-464.98 -250.93
-474.81 -252.76
-484.51 -254.47
-494.08 -256.08
-503.51 -257.57
-512.81 -258.95
-521.97 -260.22
-531.00 -261.39
-539.89 -262.45
-548.65 -263.41
-557.28 -264.27
-565.77 -265.02
-574.13 -265.68
-582.35 -266.23
-590.43 -266.69
-598.38 -267.06
-606.20 -267.33
-613.88 -267.50
-621.42 -267.59
-628.83 -267.58
-636.10 -267.49
-643.24 -267.30
-650.23 -267.03
-657.10 -266.67
-663.82 -266.23
-670.41 -265.70
-676.86 -265.09
-683.18 -264.40
-689.35 -263.63
-695.39 -262.78
-701.29 -261.84
-707.06 -260.83
-712.68 -259.75
-718.17 -258.58
-723.51 -257.35
-728.72 -256.03
-733.79 -254.65
-738.72 -253.19
-743.51 -251.66
-748.16 -250.06
-752.67 -248.40
-757.04 -246.66
-761.27 -244.86
-765.35 -242.99
-769.30 -241.05
-773.11 -239.05
-776.77 -236.99
-780.29 -234.86
-783.67 -232.67
-786.91 -230.42
-790.01 -228.11
-792.96 -225.74
-795.77 -223.31
-798.43 -220.82
-800.96 -218.28
-803.34 -215.68
-805.57 -213.03
-807.66 -210.32
-809.60 -207.56
-811.40 -204.74
-813.06 -201.88
-814.57 -198.96
-815.93 -195.99
-817.15 -192.98
-818.22 -189.92
-819.14 -186.80
-819.91 -183.65
-820.54 -180.44
-821.02 -177.19
-821.35 -173.90
-821.54 -170.57
-821.57 -167.19
-821.46 -163.77
-821.19 -160.31
-820.78 -156.82
-820.21 -153.28
-819.50 -149.70
-818.63 -146.09
-817.61 -142.45
-816.44 -138.77
-815.12 -135.05
-813.64 -131.30
-812.01 -127.52
-810.23 -123.71
-808.29 -119.87
-806.20 -116.00
-803.96 -112.10
-801.56 -108.17
-799.00 -104.22
-796.29 -100.25
-793.42 -96.25
-790.40 -92.22
-787.21 -88.18
-783.87 -84.11
-780.37 -80.02
-776.72 -75.92
-772.90 -71.80
-768.93 -67.66
-764.79 -63.50
-760.49 -59.34
-756.04 -55.15
-751.42 -50.96
-746.64 -46.76
-741.69 -42.54
-736.59 -38.32
-731.32 -34.09
-725.89 -29.86
-720.29 -25.62
-714.52 -21.37
-708.60 -17.13
-702.50 -12.88
-696.24 -8.63
-689.81 -4.39
-683.21 -0.14
-676.44 4.09
-669.51 8.32
-662.40 12.55
-655.13 16.77
-647.68 20.97
-640.06 25.17
-632.27 29.35
-624.31 33.51
-616.17 37.67
-607.85 41.80
-599.36 45.91
-590.70 50.00
-581.85 54.07
-572.83 58.12
-563.63 62.14
-554.25 66.13
-544.69 70.09
-534.95 74.02
-525.03 77.92
-514.92 81.77
-504.62 85.60
-494.14 89.38
-483.48 93.11
-472.63 96.81
-461.58 100.45
-450.35 104.05
-438.92 107.59
-427.30 111.08
-415.49 114.51
-403.48 117.87
-391.27 121.17
-378.87 124.40
-366.26 127.55
-353.45 130.63
-340.44 133.62
-327.22 136.52
-313.79 139.32
-300.16 142.02
-286.32 144.62
-272.27 147.09
-258.02 149.44
-243.55 151.66
-228.89 153.73
-214.01 155.64
-198.94 157.38
-183.67 158.94
-168.22 160.30
-152.59 161.44
-136.79 162.35
-120.86 163.01
-104.81 163.41
-88.68 163.54
-72.49 163.39
-56.28 162.99
-40.07 162.33
-23.87 161.43
-7.69 160.30
8.46 158.95
24.57 157.38
40.64 155.60
56.66 153.62
72.62 151.43
88.53 149.05
104.38 146.47
120.15 143.69
135.86 140.72
151.48 137.56
167.01 134.21
182.44 130.67
197.77 126.94
212.99 123.02
228.08 118.92
243.04 114.64
257.85 110.18
272.50 105.54
286.97 100.74
301.26 95.77
315.34 90.65
329.21 85.40
342.84 80.01
356.23 74.52
369.38 68.95
382.27 63.30
394.91 57.59
407.30 51.84
419.45 46.06
431.35 40.26
443.01 34.45
454.44 28.64
465.63 22.83
476.61 17.03
487.36 11.25
497.89 5.48
508.21 -0.26
518.32 -5.98
528.23 -11.67
537.93 -17.33
547.43 -22.96
556.74 -28.55
565.85 -34.11
574.77 -39.63
583.51 -45.11
592.06 -50.54
600.42 -55.94
608.60 -61.29
616.61 -66.60
624.43 -71.86
632.08 -77.07
639.56 -82.24
646.87 -87.36
654.01 -92.43
660.97 -97.45
667.78 -102.43
674.41 -107.35
680.89 -112.22
687.20 -117.04
693.35 -121.81
699.34 -126.52
705.17 -131.19
710.84 -135.80
716.36 -140.36
721.72 -144.86
726.93 -149.31
731.99 -153.70
736.89 -158.05
741.64 -162.33
746.25 -166.56
750.70 -170.74
755.00 -174.86
759.16 -178.93
763.17 -182.94
767.04 -186.89
770.76 -190.79
774.33 -194.63
777.76 -198.41
781.05 -202.14
784.19 -205.81
787.20 -209.43
790.06 -212.99
792.78 -216.49
795.36 -219.93
