-500.00 0.00
-498.96 0.00
-497.84 0.00
-496.65 0.00
-495.38 0.00
-494.02 0.00
-492.59 0.00
-491.09 0.00
-489.50 0.00
-487.83 0.00
-486.09 0.00
-484.27 0.00
-482.36 -0.00
-480.38 -0.00
-478.32 -0.00
-476.18 -0.00
-473.96 -0.00
-471.66 -0.00
-469.28 -0.00
-466.82 -0.00
-464.28 -0.00
-461.65 -0.00
-458.95 -0.00
-456.17 -0.00
-453.30 -0.00
-450.36 -0.00
-447.33 -0.00
-444.21 -0.00
-441.02 -0.00
-437.74 -0.00
-434.39 -0.00
-430.94 -0.00
-427.42 -0.00
-423.81 -0.00
-420.11 -0.00
-416.34 -0.00
-412.48 -0.00
-408.53 -0.00
-404.50 -0.00
-400.38 -0.00
-396.18 -0.00
-391.89 -0.00
-387.52 -0.00
-383.06 -0.00
-378.52 -0.00
-373.89 -0.00
-369.18 -0.00
-364.39 -0.00
-359.54 -0.00
-354.55 -0.00
-349.47 -0.00
-344.68 -0.00
-340.00 -0.00
-335.23 -0.00
-330.36 -0.00
-325.36 -0.00
-320.23 -0.00
-314.98 -0.00
-309.60 -0.00
-304.09 -0.00
-298.45 -0.00
-292.69 -0.00
-286.79 -0.00
-280.76 -0.00
-274.60 -0.00
-268.31 -0.00
-261.89 -0.00
-255.34 -0.00
-248.66 -0.00
-241.84 -0.00
-234.89 -0.00
-227.80 -0.00
-220.58 -0.00
-213.23 -0.00
-205.73 -0.00
-198.10 -0.00
-190.33 -0.00
-182.42 -0.00
-174.37 -0.00
-166.17 -0.00
-157.83 -0.00
-149.34 -0.00
-140.70 -0.00
-131.92 -0.00
-122.98 -0.00
-113.89 -0.00
-104.64 -0.00
-95.24 -0.00
-85.68 -0.00
-75.96 -0.00
-66.09 -0.00
-56.05 -0.00
-45.87 -0.00
-35.53 -0.00
-25.05 -0.00
-14.44 -0.00
-3.69 -0.00
7.08 -0.00
17.66 -0.00
28.11 -0.00
38.43 -0.00
48.61 -0.00
58.63 -0.00
68.51 -0.00
78.24 -0.00
87.83 -0.00
97.26 -0.00
106.55 -0.00
115.70 -0.00
124.71 -0.00
133.58 -0.00
142.32 -0.00
150.94 -0.00
159.42 -0.00
167.78 -0.00
176.02 -0.00
184.14 -0.00
192.14 -0.00
200.03 -0.00
207.80 -0.00
215.47 -0.00
223.03 -0.00
230.48 -0.00
237.82 -0.00
245.06 -0.00
252.18 -0.00
259.02 -0.00
265.46 -0.00
271.42 -0.00
276.98 -0.01
282.36 -0.01
287.64 -0.01
292.81 -0.01
297.89 -0.01
302.89 -0.01
307.80 -0.01
312.64 -0.01
317.39 -0.02
322.07 -0.02
326.69 -0.02
331.22 -0.02
335.69 -0.02
340.10 -0.02
344.43 -0.03
348.70 -0.03
352.90 -0.03
357.04 -0.03
361.11 -0.03
365.12 -0.03
369.07 -0.04
372.96 -0.04
376.78 -0.04
380.55 -0.04
384.25 -0.04
387.89 -0.05
391.48 -0.05
395.00 -0.05
398.46 -0.05
401.87 -0.06
405.22 -0.06
408.51 -0.06
411.74 -0.06
414.91 -0.07
418.02 -0.07
421.08 -0.07
424.08 -0.07
427.02 -0.08
429.90 -0.08
432.73 -0.08
435.49 -0.08
438.20 -0.09
440.86 -0.09
443.45 -0.09
445.99 -0.10
448.47 -0.10
450.90 -0.10
453.26 -0.11
455.57 -0.11
457.82 -0.11
460.01 -0.12
462.14 -0.12
464.21 -0.12
466.23 -0.13
468.18 -0.13
470.08 -0.13
471.92 -0.14
473.69 -0.14
475.41 -0.15
477.06 -0.15
478.65 -0.16
480.19 -0.16
481.65 -0.16
483.06 -0.17
484.40 -0.17
485.68 -0.18
486.90 -0.19
488.05 -0.19
489.13 -0.20
490.15 -0.20
491.10 -0.21
491.99 -0.22
492.81 -0.22
493.56 -0.23
494.25 -0.24
494.86 -0.24
495.41 -0.25
495.89 -0.26
496.29 -0.27
496.63 -0.28
496.89 -0.29
497.08 -0.30
497.19 -0.31
497.22 -0.33
497.18 -0.35
497.05 -0.37
496.82 -0.40
496.24 -0.40
495.24 -0.39
494.08 -0.38
492.76 -0.38
491.29 -0.38
489.66 -0.38
487.84 -0.39
485.81 -0.40
483.50 -0.40
480.87 -0.39
477.89 -0.38
474.64 -0.37
471.22 -0.35
467.69 -0.34
464.07 -0.33
460.38 -0.32
456.64 -0.31
452.84 -0.31
448.99 -0.30
445.09 -0.29
441.15 -0.29
437.16 -0.29
433.12 -0.28
429.04 -0.28
424.92 -0.28
420.75 -0.28
416.53 -0.28
412.27 -0.28
407.97 -0.28
403.62 -0.28
399.23 -0.28
394.80 -0.28
390.32 -0.28
385.80 -0.29
381.24 -0.29
376.63 -0.30
371.98 -0.30
367.29 -0.31
362.56 -0.32
357.78 -0.33
352.95 -0.34
348.09 -0.34
343.18 -0.35
338.23 -0.37
333.23 -0.38
328.19 -0.39
323.11 -0.40
317.98 -0.42
312.80 -0.43
307.58 -0.45
302.31 -0.46
297.00 -0.48
291.64 -0.50
286.24 -0.51
280.78 -0.53
275.28 -0.55
269.73 -0.57
264.13 -0.59
258.48 -0.62
252.78 -0.64
247.03 -0.66
241.22 -0.68
235.36 -0.71
229.45 -0.73
223.48 -0.76
217.46 -0.79
211.37 -0.82
205.23 -0.84
199.03 -0.87
192.77 -0.90
186.44 -0.93
180.05 -0.97
173.59 -1.00
167.06 -1.03
160.46 -1.07
153.79 -1.11
147.04 -1.14
140.21 -1.18
133.31 -1.23
126.31 -1.27
119.22 -1.31
112.04 -1.36
104.76 -1.41
97.37 -1.47
89.87 -1.53
82.24 -1.59
74.47 -1.66
66.55 -1.74
58.45 -1.84
50.13 -1.96
41.52 -2.11
32.46 -2.26
22.84 -2.27
12.64 -2.16
1.94 -2.04
-8.92 -2.04
-19.64 -2.09
-30.23 -2.14
-40.83 -2.14
-51.50 -2.09
-62.06 -2.06
-72.47 -2.03
-82.70 -2.01
-92.75 -2.00
-102.63 -1.99
-112.33 -1.97
-121.85 -1.97
-131.20 -1.96
-140.38 -1.95
-149.38 -1.95
-158.22 -1.94
-166.88 -1.93
-175.38 -1.93
-183.70 -1.92
-191.86 -1.92
-199.86 -1.91
-207.69 -1.90
-215.36 -1.90
-222.87 -1.89
-230.21 -1.88
-237.39 -1.87
-244.42 -1.86
-251.28 -1.85
-257.99 -1.84
-264.54 -1.83
-270.93 -1.82
-277.17 -1.80
-283.25 -1.79
-289.17 -1.78
-294.94 -1.76
-300.56 -1.74
-306.02 -1.73
-311.33 -1.71
-316.48 -1.69
-321.48 -1.67
-326.32 -1.64
-331.02 -1.62
-335.55 -1.60
-339.94 -1.57
-344.17 -1.54
-348.25 -1.52
-352.17 -1.49
-355.94 -1.45
-359.56 -1.42
-363.02 -1.38
-366.32 -1.34
-369.46 -1.30
-372.45 -1.26
-375.28 -1.21
-377.94 -1.15
-380.45 -1.09
-382.79 -1.03
-384.96 -0.95
-386.96 -0.86
-388.78 -0.75
-390.41 -0.62
-391.84 -0.43
-392.97 -0.15
-394.00 -0.08
-395.06 -0.30
-396.15 -0.76
-397.31 -1.46
-398.58 -2.32
-399.98 -3.27
-401.47 -4.25
-403.03 -5.23
-404.64 -6.22
-406.27 -7.20
-407.91 -8.17
-409.57 -9.14
-411.22 -10.11
-412.87 -11.07
-414.50 -12.03
-416.12 -13.00
-417.72 -13.96
-419.30 -14.93
-420.85 -15.90
-422.38 -16.88
-423.87 -17.87
-425.34 -18.86
-426.77 -19.86
-428.16 -20.87
-429.52 -21.89
-430.84 -22.93
-432.12 -23.98
-433.35 -25.05
-434.54 -26.13
-435.69 -27.23
-436.78 -28.36
-437.83 -29.50
-438.83 -30.68
-439.78 -31.87
-440.67 -33.10
-441.50 -34.36
-442.28 -35.65
-443.00 -36.98
-443.66 -38.35
-444.25 -39.76
-444.77 -41.23
-445.22 -42.74
-445.59 -44.31
-445.88 -45.94
-446.07 -47.65
-446.17 -49.42
-446.16 -51.27
-446.00 -53.21
-445.69 -55.22
-445.19 -57.29
-444.48 -59.37
-443.56 -61.40
-442.49 -63.35
-441.32 -65.17
-440.12 -66.83
-438.90 -68.24
-437.63 -69.37
-436.28 -70.22
-434.84 -70.80
-433.31 -71.12
-431.70 -71.18
-430.00 -71.00
-428.21 -70.57
-426.34 -69.90
-424.39 -68.98
-422.35 -67.83
-420.23 -66.44
-418.03 -64.81
-415.74 -62.94
-413.36 -60.81
-410.89 -58.43
-408.30 -55.76
-405.53 -52.83
-402.55 -49.76
-399.42 -46.60
-396.19 -43.36
-392.86 -40.02
-389.44 -36.56
-385.94 -32.96
-382.37 -29.23
-378.71 -25.34
-374.99 -21.26
-371.23 -16.95
-367.56 -12.53
-363.92 -8.18
-360.25 -3.86
-356.52 0.44
-352.75 4.76
-348.92 9.11
-345.03 13.51
-341.10 17.98
-337.11 22.57
-332.94 27.39
-328.45 32.12
-323.79 36.61
-318.97 40.91
-314.01 45.04
-308.92 49.01
-303.69 52.84
-298.33 56.52
-292.85 60.08
-287.23 63.50
-281.48 66.80
-275.61 69.98
-269.61 73.04
-263.48 75.98
-257.22 78.81
-250.83 81.53
-244.32 84.14
-237.67 86.64
-230.90 89.03
-223.99 91.31
-216.96 93.48
-209.79 95.55
-202.49 97.51
-195.06 99.36
-187.50 101.10
-179.80 102.73
-171.97 104.26
-164.00 105.68
-155.90 106.98
-147.67 108.18
-139.30 109.26
-130.79 110.23
-122.15 111.09
-113.37 111.82
-104.46 112.44
-95.42 112.94
-86.24 113.31
-76.94 113.55
-67.52 113.67
-57.98 113.65
-48.32 113.49
-38.57 113.19
-28.73 112.74
-18.81 112.13
-8.83 111.35
1.18 110.38
11.21 109.23
21.24 107.88
31.22 106.33
41.14 104.58
50.97 102.64
60.69 100.52
70.28 98.24
79.74 95.80
89.05 93.21
98.19 90.48
107.13 87.61
115.86 84.60
124.34 81.42
132.52 78.05
140.36 74.43
147.79 70.52
154.75 66.49
161.38 62.45
167.76 58.38
173.94 54.26
179.93 50.07
185.76 45.81
191.43 41.47
196.96 37.04
202.35 32.51
207.61 27.89
212.74 23.16
217.75 18.32
222.64 13.36
227.41 8.25
232.08 2.99
236.67 -2.43
241.21 -7.88
245.67 -13.18
250.05 -18.29
254.36 -23.22
258.59 -27.99
262.76 -32.61
266.85 -37.09
270.87 -41.44
274.83 -45.67
278.71 -49.77
282.52 -53.75
286.27 -57.62
289.95 -61.37
293.56 -65.00
297.10 -68.52
300.57 -71.93
303.97 -75.23
307.31 -78.42
310.57 -81.49
313.77 -84.45
316.89 -87.30
319.95 -90.03
322.94 -92.65
325.85 -95.14
328.68 -97.52
331.44 -99.77
334.12 -101.90
336.72 -103.89
339.22 -105.75
341.62 -107.46
343.90 -109.02
346.02 -110.42
347.95 -111.70
349.62 -112.91
351.06 -114.16
352.32 -115.52
353.44 -116.97
354.46 -118.52
355.39 -120.15
356.24 -121.87
357.01 -123.67
357.71 -125.54
358.35 -127.48
358.94 -129.49
359.46 -131.55
359.93 -133.68
360.35 -135.87
360.72 -138.12
361.05 -140.43
361.33 -142.79
361.57 -145.20
361.78 -147.67
361.95 -150.20
362.08 -152.78
362.19 -155.42
362.28 -158.11
362.34 -160.85
362.39 -163.65
362.44 -166.51
362.48 -169.42
362.52 -172.39
362.59 -175.41
362.70 -178.48
362.85 -181.58
363.08 -184.70
363.38 -187.79
363.75 -190.80
364.14 -193.70
364.53 -196.50
364.89 -199.19
365.21 -201.80
365.49 -204.32
365.74 -206.76
365.94 -209.14
366.12 -211.44
366.26 -213.69
366.38 -215.88
366.48 -218.00
366.59 -220.07
366.72 -222.07
366.88 -223.97
367.10 -225.73
367.35 -227.28
367.58 -228.58
367.72 -229.62
367.74 -230.43
367.63 -231.00
367.38 -231.36
366.97 -231.53
366.41 -231.49
365.69 -231.28
364.82 -230.89
363.78 -230.32
362.59 -229.58
361.23 -228.68
359.71 -227.61
358.03 -226.39
356.19 -225.01
354.19 -223.47
352.02 -221.78
349.69 -219.93
347.19 -217.94
344.53 -215.80
341.71 -213.51
338.71 -211.07
335.55 -208.49
332.22 -205.76
328.73 -202.88
325.06 -199.86
321.22 -196.70
317.20 -193.39
313.01 -189.94
308.65 -186.34
304.11 -182.60
299.39 -178.72
294.49 -174.69
289.41 -170.52
284.14 -166.20
278.68 -161.74
273.04 -157.13
267.20 -152.37
261.17 -147.47
254.94 -142.42
248.51 -137.22
241.88 -131.87
235.03 -126.36
227.98 -120.71
220.70 -114.89
213.20 -108.93
205.48 -102.80
197.51 -96.51
189.31 -90.06
180.85 -83.43
172.14 -76.64
163.16 -69.66
153.94 -62.50
144.53 -55.22
134.90 -47.99
124.98 -40.87
114.76 -33.90
104.27 -27.14
93.56 -20.65
82.73 -14.45
71.84 -8.53
60.92 -2.86
50.02 2.54
39.23 7.71
28.55 12.71
17.96 17.56
7.45 22.27
-2.98 26.82
-13.35 31.20
-23.65 35.40
-33.86 39.39
-43.95 43.14
-53.88 46.66
-63.59 49.96
-73.09 53.08
-82.38 56.04
-91.48 58.87
-100.35 61.72
-108.83 64.53
-116.96 67.18
-124.75 69.67
-132.23 72.00
-139.41 74.19
-146.30 76.24
-152.91 78.15
-159.23 79.92
-165.29 81.56
-171.08 83.07
-176.61 84.45
-181.88 85.69
-186.89 86.81
-191.66 87.80
-196.18 88.67
-200.46 89.41
-204.49 90.03
-208.28 90.53
-211.83 90.90
-215.15 91.15
-218.23 91.28
-221.07 91.29
-223.67 91.18
-226.04 90.95
-228.17 90.60
-230.06 90.13
-231.70 89.54
-233.10 88.84
-234.25 88.02
-235.14 87.09
-235.75 86.06
-236.09 84.93
-236.12 83.72
-235.85 82.50
-235.33 81.29
-234.65 80.36
-234.19 79.72
-233.96 79.09
-233.90 78.44
-234.00 77.77
-234.24 77.07
-234.61 76.33
-235.09 75.56
-235.70 74.77
-236.41 73.94
-237.23 73.09
-238.16 72.21
-239.18 71.32
-240.31 70.40
-241.52 69.48
-242.83 68.54
-244.23 67.61
-245.71 66.67
-247.27 65.73
-248.91 64.80
-250.63 63.88
-252.41 62.97
-254.26 62.07
-256.18 61.20
-258.15 60.34
-260.19 59.50
-262.28 58.68
-264.41 57.89
-266.60 57.12
-268.84 56.37
-271.12 55.65
-273.44 54.95
-275.80 54.28
-278.20 53.63
-280.64 53.00
-283.11 52.40
-285.62 51.82
-288.16 51.26
-290.73 50.72
-293.34 50.20
-295.98 49.69
-298.66 49.21
-301.36 48.73
-304.11 48.27
-306.89 47.81
-309.70 47.36
-312.56 46.92
-315.45 46.47
-318.39 46.02
-321.38 45.55
-324.43 45.08
-327.54 44.58
-330.72 44.05
-333.98 43.49
-337.34 42.87
-340.86 42.19
-344.39 41.46
-347.62 40.75
-350.65 40.00
-353.51 39.20
-356.19 38.33
-358.66 37.38
-360.92 36.36
-362.93 35.28
-364.70 34.16
-366.23 33.00
-367.51 31.83
-368.55 30.64
-369.34 29.45
-369.90 28.27
-370.22 27.09
-370.31 25.92
-370.18 24.77
-369.81 23.63
-369.22 22.52
-368.41 21.42
-367.39 20.35
-366.14 19.30
-364.67 18.27
-362.99 17.27
-361.10 16.30
-358.99 15.36
-356.66 14.44
-354.13 13.55
-351.38 12.69
-348.42 11.86
-345.25 11.06
-341.86 10.28
-338.26 9.54
-334.45 8.82
-330.43 8.13
-326.20 7.47
-321.74 6.83
-317.08 6.22
-312.20 5.64
-307.10 5.08
-301.78 4.54
-296.25 4.03
-290.49 3.54
-284.51 3.07
-278.30 2.62
-271.87 2.19
-265.22 1.77
-258.33 1.37
-251.21 0.97
-243.86 0.58
-236.28 0.20
-228.46 -0.18
-220.41 -0.56
-212.13 -0.95
-203.62 -1.35
-194.87 -1.76
-185.90 -2.19
-176.70 -2.62
-167.29 -3.07
-157.65 -3.52
-147.80 -3.98
-137.73 -4.42
-127.45 -4.83
-116.95 -5.18
-106.24 -5.43
-95.29 -5.48
-84.47 -5.40
-73.85 -5.35
-63.42 -5.33
-53.16 -5.38
-43.06 -5.51
-33.10 -5.71
-23.26 -6.00
-13.54 -6.36
-3.91 -6.79
5.62 -7.30
15.08 -7.86
24.47 -8.49
33.79 -9.17
43.07 -9.89
52.31 -10.64
61.52 -11.41
70.70 -12.18
79.87 -12.94
89.01 -13.63
98.07 -14.23
107.01 -14.73
115.80 -15.17
124.43 -15.54
132.87 -15.84
141.13 -16.08
149.19 -16.25
157.03 -16.36
164.63 -16.41
171.99 -16.42
179.08 -16.38
185.90 -16.32
192.45 -16.23
198.72 -16.15
204.71 -16.07
210.43 -16.00
215.87 -15.95
221.03 -15.93
225.93 -15.94
230.55 -15.99
234.90 -16.07
238.99 -16.20
242.81 -16.37
246.37 -16.59
249.66 -16.85
252.68 -17.17
255.45 -17.54
257.95 -17.97
260.19 -18.45
262.16 -18.99
263.87 -19.59
265.32 -20.25
266.50 -20.97
267.41 -21.74
268.05 -22.59
268.41 -23.49
268.50 -24.46
268.32 -25.50
267.84 -26.60
267.08 -27.77
266.02 -29.02
264.65 -30.34
262.96 -31.74
260.92 -33.23
258.48 -34.81
255.60 -36.33
252.48 -37.69
249.10 -38.82
245.69 -39.56
242.30 -40.04
238.91 -40.30
235.52 -40.35
232.12 -40.19
228.71 -39.85
225.28 -39.31
221.85 -38.59
218.41 -37.69
214.97 -36.61
211.53 -35.36
208.10 -33.93
204.67 -32.34
201.26 -30.57
197.87 -28.64
194.51 -26.54
191.18 -24.27
187.90 -21.85
184.67 -19.28
181.51 -16.56
178.41 -13.70
175.39 -10.72
172.44 -7.60
169.58 -4.38
166.79 -1.04
164.09 2.40
161.48 5.94
158.94 9.57
156.50 13.29
154.14 17.10
151.86 20.98
149.68 24.95
147.58 28.99
145.57 33.10
143.65 37.27
141.81 41.51
140.07 45.82
138.43 50.18
136.87 54.60
135.41 59.07
134.04 63.60
132.77 68.17
131.60 72.79
130.54 77.46
129.57 82.16
128.70 86.91
127.94 91.69
127.29 96.50
126.75 101.35
126.33 106.23
126.02 111.14
125.83 116.08
125.76 121.04
125.81 126.02
126.00 131.03
126.33 136.06
126.79 141.11
127.41 146.18
128.18 151.27
129.11 156.37
130.22 161.49
131.52 166.63
133.00 171.79
134.58 177.01
136.07 182.17
137.42 187.11
138.63 191.81
139.71 196.29
140.67 200.55
141.50 204.61
142.21 208.47
142.80 212.14
