-100.00 0.00
-99.96 -1.00
-99.86 -2.00
-99.68 -3.00
-99.43 -3.99
-99.12 -4.99
-98.73 -5.97
-98.27 -6.96
-97.73 -7.94
-97.13 -8.91
-96.46 -9.88
-95.71 -10.84
-94.90 -11.79
-94.01 -12.74
-93.05 -13.67
-92.01 -14.59
-90.91 -15.50
-89.73 -16.40
-88.48 -17.29
-87.16 -18.16
-85.76 -19.02
-84.29 -19.86
-82.75 -20.68
-81.13 -21.48
-79.43 -22.27
-77.67 -23.03
-75.82 -23.77
-73.90 -24.49
-71.91 -25.18
-69.83 -25.84
-67.69 -26.48
-65.46 -27.09
-63.16 -27.66
-60.77 -28.20
-58.31 -28.70
-55.78 -29.17
-53.16 -29.59
-50.46 -29.97
-47.68 -30.30
-44.83 -30.59
-41.89 -30.81
-38.88 -30.98
-35.79 -31.09
-32.62 -31.13
-29.37 -31.10
-26.05 -30.98
-22.66 -30.79
-19.20 -30.50
-15.68 -30.11
-12.10 -29.61
-8.48 -29.00
-4.82 -28.27
-1.13 -27.40
2.55 -26.40
6.23 -25.26
9.87 -23.99
13.46 -22.59
16.98 -21.08
20.41 -19.45
23.75 -17.74
26.98 -15.95
30.11 -14.09
33.12 -12.18
36.02 -10.23
38.82 -8.25
41.50 -6.24
44.07 -4.22
46.54 -2.19
48.90 -0.15
51.17 1.88
53.33 3.92
55.40 5.94
57.37 7.96
59.26 9.96
61.05 11.95
62.75 13.92
64.37 15.88
65.90 17.81
67.36 19.72
68.73 21.60
70.02 23.46
71.23 25.30
72.36 27.10
73.42 28.88
74.41 30.63
75.32 32.35
76.17 34.04
76.94 35.70
77.64 37.32
78.27 38.92
78.84 40.47
79.33 42.00
79.77 43.49
80.13 44.94
80.44 46.36
80.68 47.74
80.85 49.08
80.97 50.39
81.02 51.66
81.01 52.89
80.94 54.08
80.81 55.23
80.63 56.33
80.38 57.40
80.08 58.43
79.72 59.42
79.30 60.36
78.83 61.26
78.30 62.12
77.71 62.93
77.07 63.70
76.38 64.42
75.63 65.10
74.83 65.73
73.97 66.31
73.06 66.85
72.10 67.34
71.09 67.78
70.02 68.17
68.91 68.51
67.74 68.81
66.52 69.05
65.26 69.23
63.94 69.37
62.57 69.45
61.16 69.48
59.70 69.45
58.18 69.36
56.62 69.22
55.02 69.03
53.36 68.77
51.66 68.45
49.92 68.07
48.12 67.63
46.29 67.13
44.41 66.56
42.48 65.92
40.51 65.22
38.50 64.45
36.45 63.61
34.35 62.70
32.22 61.72
30.05 60.66
27.83 59.52
25.59 58.30
23.30 57.01
20.98 55.63
18.63 54.16
16.25 52.60
13.84 50.96
11.41 49.22
8.95 47.38
6.48 45.45
3.99 43.41
1.49 41.26
-1.02 39.00
-3.52 36.63
-6.01 34.15
-8.48 31.54
-10.91 28.82
-13.30 25.98
-15.64 23.02
-17.89 19.95
-20.06 16.78
-22.12 13.52
-24.06 10.19
-25.87 6.80
-27.55 3.38
-29.10 -0.05
-30.52 -3.49
-31.81 -6.91
-32.98 -10.31
-34.04 -13.67
-34.98 -16.99
-35.83 -20.25
-36.58 -23.47
-37.24 -26.62
-37.81 -29.72
-38.30 -32.75
-38.72 -35.72
-39.07 -38.62
-39.35 -41.45
-39.56 -44.22
-39.71 -46.91
-39.81 -49.54
-39.85 -52.10
-39.83 -54.59
-39.77 -57.02
-39.65 -59.37
-39.50 -61.65
-39.29 -63.86
-39.04 -66.00
-38.75 -68.08
-38.43 -70.08
-38.06 -72.02
-37.66 -73.88
-37.22 -75.68
-36.75 -77.40
-36.24 -79.06
-35.71 -80.65
-35.14 -82.17
-34.54 -83.62
-33.92 -85.00
-33.27 -86.32
-32.59 -87.56
-31.89 -88.74
-31.16 -89.85
-30.41 -90.89
-29.63 -91.86
-28.83 -92.76
-28.01 -93.60
-27.18 -94.36
-26.32 -95.06
-25.44 -95.69
-24.54 -96.25
-23.63 -96.74
-22.70 -97.16
-21.75 -97.52
-20.79 -97.80
-19.81 -98.01
-18.82 -98.16
-17.82 -98.24
-16.80 -98.24
-15.77 -98.18
-14.73 -98.05
-13.68 -97.84
-12.62 -97.57
-11.55 -97.23
-10.48 -96.81
-9.39 -96.32
-8.30 -95.77
-7.20 -95.14
-6.10 -94.43
-4.99 -93.66
-3.87 -92.81
-2.76 -91.89
-1.64 -90.90
-0.52 -89.83
0.60 -88.68
1.72 -87.46
2.84 -86.17
3.95 -84.80
5.06 -83.35
6.17 -81.83
7.27 -80.23
8.36 -78.55
9.45 -76.79
10.53 -74.95
11.59 -73.03
12.64 -71.03
13.68 -68.94
14.70 -66.78
15.70 -64.53
16.68 -62.19
17.64 -59.78
18.57 -57.27
19.48 -54.68
20.35 -52.00
21.19 -49.23
21.99 -46.38
22.75 -43.43
23.47 -40.40
24.13 -37.28
24.73 -34.06
25.27 -30.76
25.73 -27.38
26.12 -23.90
26.42 -20.35
26.62 -16.73
26.72 -13.03
26.70 -9.29
26.56 -5.49
26.28 -1.67
25.86 2.16
25.31 5.97
24.62 9.76
23.80 13.49
22.87 17.16
21.83 20.75
20.70 24.25
19.49 27.66
18.20 30.97
16.86 34.17
15.47 37.27
14.03 40.27
12.56 43.17
11.05 45.97
9.53 48.66
7.98 51.26
6.42 53.76
4.85 56.17
3.27 58.48
1.68 60.70
0.09 62.83
-1.49 64.87
-3.08 66.82
-4.66 68.68
-6.24 70.46
-7.81 72.16
-9.37 73.77
-10.92 75.31
-12.46 76.76
-13.98 78.13
-15.49 79.43
-16.99 80.64
-18.47 81.79
-19.93 82.85
-21.38 83.84
-22.81 84.76
-24.21 85.61
-25.60 86.38
-26.97 87.08
-28.31 87.71
-29.63 88.27
-30.93 88.76
-32.20 89.19
-33.45 89.54
-34.67 89.83
-35.87 90.05
-37.04 90.20
-38.19 90.29
-39.30 90.31
-40.39 90.26
-41.45 90.15
-42.48 89.98
-43.48 89.74
-44.44 89.44
-45.38 89.07
-46.28 88.64
-47.16 88.15
-47.99 87.60
-48.80 86.98
-49.57 86.31
-50.30 85.57
-51.00 84.77
-51.66 83.91
-52.29 82.98
-52.87 82.00
-53.42 80.96
-53.93 79.86
-54.40 78.70
-54.82 77.48
-55.21 76.20
-55.55 74.86
-55.85 73.46
-56.10 72.00
-56.31 70.49
-56.47 68.91
-56.58 67.28
-56.65 65.59
-56.67 63.84
-56.63 62.04
-56.54 60.18
-56.40 58.26
-56.21 56.29
-55.96 54.26
-55.65 52.17
-55.28 50.03
-54.85 47.84
-54.36 45.59
-53.81 43.28
-53.19 40.92
-52.50 38.51
-51.74 36.05
-50.90 33.54
-49.99 30.97
-49.01 28.36
-47.94 25.70
-46.78 23.00
-45.54 20.25
-44.21 17.47
-42.78 14.64
-41.25 11.78
-39.62 8.89
-37.88 5.98
-36.03 3.05
-34.06 0.11
-31.97 -2.83
-29.75 -5.76
-27.41 -8.67
-24.95 -11.53
-22.36 -14.34
-19.65 -17.08
-16.85 -19.72
-13.95 -22.26
-10.98 -24.68
-7.95 -26.98
-4.89 -29.15
-1.80 -31.19
1.29 -33.11
4.38 -34.90
7.46 -36.57
10.51 -38.14
13.53 -39.59
16.51 -40.94
19.46 -42.19
22.36 -43.35
25.22 -44.41
28.03 -45.39
30.79 -46.29
33.49 -47.11
36.14 -47.86
38.74 -48.53
41.28 -49.13
43.76 -49.66
46.18 -50.13
48.55 -50.53
50.86 -50.88
53.11 -51.16
55.30 -51.39
57.43 -51.56
59.50 -51.68
61.51 -51.75
63.46 -51.76
65.35 -51.73
67.18 -51.65
68.95 -51.52
70.66 -51.34
72.31 -51.12
73.89 -50.86
75.41 -50.56
76.88 -50.21
78.28 -49.82
79.61 -49.40
80.89 -48.93
82.10 -48.43
83.25 -47.89
84.34 -47.32
85.37 -46.71
86.33 -46.06
87.23 -45.39
88.07 -44.68
88.84 -43.93
89.55 -43.16
90.20 -42.35
90.78 -41.52
91.30 -40.65
91.75 -39.76
92.14 -38.84
92.46 -37.89
92.72 -36.91
92.91 -35.91
93.03 -34.88
93.09 -33.83
93.09 -32.75
93.01 -31.65
92.87 -30.53
92.66 -29.38
92.38 -28.22
92.03 -27.03
91.61 -25.82
91.13 -24.59
90.57 -23.34
89.94 -22.08
89.24 -20.79
88.47 -19.49
87.63 -18.18
86.71 -16.85
85.72 -15.50
84.66 -14.14
83.52 -12.77
82.30 -11.39
81.01 -9.99
79.64 -8.59
78.19 -7.18
76.66 -5.76
75.05 -4.33
73.36 -2.90
71.58 -1.47
69.73 -0.04
67.78 1.40
65.76 2.83
63.64 4.26
61.44 5.68
59.15 7.10
56.76 8.50
54.29 9.89
51.72 11.27
49.05 12.62
46.29 13.95
43.44 15.25
40.48 16.51
37.42 17.73
34.27 18.91
31.02 20.03
27.66 21.09
24.22 22.07
20.68 22.98
17.06 23.78
13.36 24.49
9.60 25.07
5.79 25.53
1.95 25.85
-1.90 26.03
-5.75 26.08
-9.56 25.99
-13.32 25.78
-17.03 25.45
-20.67 25.01
-24.22 24.48
-27.69 23.87
-31.08 23.17
-34.37 22.41
-37.57 21.59
-40.68 20.71
-43.69 19.79
-46.61 18.83
-49.44 17.82
-52.17 16.79
-54.82 15.72
-57.38 14.63
-59.84 13.52
-62.22 12.39
-64.51 11.23
-66.72 10.07
-68.84 8.89
-70.87 7.70
-72.83 6.50
-74.70 5.30
-76.48 4.08
-78.19 2.87
-79.82 1.65
-81.37 0.43
-82.84 -0.79
-84.23 -2.01
-85.55 -3.23
-86.79 -4.45
-87.95 -5.66
-89.04 -6.87
-90.06 -8.07
-91.00 -9.26
-91.86 -10.45
-92.66 -11.63
-93.38 -12.80
-94.02 -13.96
-94.60 -15.10
-95.11 -16.24
-95.54 -17.37
-95.91 -18.48
-96.20 -19.58
-96.42 -20.66
-96.58 -21.73
-96.66 -22.79
-96.68 -23.83
-96.62 -24.85
-96.50 -25.85
-96.31 -26.84
-96.06 -27.80
-95.73 -28.75
-95.34 -29.68
-94.87 -30.58
-94.35 -31.46
-93.75 -32.33
-93.09 -33.16
-92.36 -33.98
-91.56 -34.77
-90.70 -35.53
-89.76 -36.27
-88.77 -36.98
-87.70 -37.66
-86.57 -38.32
-85.38 -38.94
-84.11 -39.54
-82.78 -40.10
-81.39 -40.63
-79.93 -41.13
-78.40 -41.60
-76.80 -42.03
-75.14 -42.42
-73.41 -42.77
-71.62 -43.09
-69.76 -43.37
-67.83 -43.60
-65.84 -43.80
-63.78 -43.95
-61.66 -44.05
-59.47 -44.11
-57.21 -44.11
-54.89 -44.07
-52.50 -43.97
-50.05 -43.82
-47.53 -43.61
-44.94 -43.35
-42.29 -43.02
-39.58 -42.62
-36.81 -42.16
-33.97 -41.63
-31.07 -41.02
-28.11 -40.33
-25.10 -39.56
-22.03 -38.70
-18.90 -37.75
-15.73 -36.71
-12.52 -35.56
-9.26 -34.30
-5.98 -32.92
-2.67 -31.43
0.65 -29.81
3.96 -28.06
7.26 -26.19
10.51 -24.18
13.72 -22.04
16.85 -19.79
19.89 -17.43
22.83 -14.98
25.65 -12.46
28.36 -9.88
30.94 -7.25
33.41 -4.60
35.75 -1.93
37.97 0.74
40.08 3.42
42.08 6.08
43.97 8.73
45.76 11.36
47.45 13.96
49.04 16.54
50.54 19.08
51.94 21.59
53.27 24.06
54.50 26.50
55.66 28.90
56.73 31.25
57.73 33.56
58.66 35.83
59.51 38.06
60.29 40.23
61.00 42.37
61.64 44.45
62.22 46.49
62.73 48.48
63.18 50.43
63.57 52.32
63.90 54.16
64.17 55.96
64.38 57.70
64.54 59.39
64.64 61.03
64.69 62.62
64.68 64.16
64.62 65.65
64.50 67.08
64.34 68.46
64.13 69.79
63.87 71.06
63.56 72.28
63.20 73.45
62.79 74.56
62.34 75.62
61.85 76.62
61.30 77.56
60.72 78.45
60.09 79.29
59.42 80.07
58.71 80.79
57.95 81.45
57.15 82.06
56.32 82.61
55.44 83.09
54.52 83.53
53.57 83.90
52.58 84.21
51.55 84.46
50.48 84.65
49.37 84.78
48.23 84.85
47.06 84.85
45.85 84.80
44.61 84.68
43.33 84.49
42.02 84.24
40.67 83.93
39.30 83.55
37.89 83.10
36.45 82.59
34.99 82.01
33.49 81.36
31.96 80.63
30.41 79.84
28.83 78.98
27.22 78.05
25.59 77.04
23.93 75.95
22.25 74.80
20.55 73.56
18.82 72.25
17.07 70.85
15.31 69.38
13.52 67.83
11.72 66.19
9.91 64.46
8.08 62.65
6.24 60.76
4.39 58.77
2.53 56.69
0.67 54.51
-1.19 52.24
-3.05 49.88
-4.90 47.41
-6.75 44.84
-8.57 42.17
-10.38 39.39
-12.16 36.50
-13.90 33.51
-15.59 30.41
-17.23 27.20
-18.81 23.88
-20.30 20.47
-21.70 16.96
-23.00 13.37
-24.18 9.71
-25.23 6.00
-26.14 2.26
-26.92 -1.50
-27.56 -5.25
-28.07 -8.97
-28.46 -12.65
-28.73 -16.29
-28.89 -19.86
-28.96 -23.36
-28.93 -26.79
-28.82 -30.15
-28.64 -33.42
-28.39 -36.62
-28.07 -39.73
-27.69 -42.76
-27.27 -45.71
-26.79 -48.57
-26.26 -51.36
-25.70 -54.05
-25.09 -56.67
-24.45 -59.20
-23.77 -61.65
-23.06 -64.02
-22.33 -66.31
-21.56 -68.52
-20.77 -70.65
-19.96 -72.71
-19.13 -74.68
-18.27 -76.57
-17.40 -78.39
-16.51 -80.13
-15.61 -81.79
-14.69 -83.38
-13.76 -84.89
-12.81 -86.33
-11.85 -87.69
-10.89 -88.98
-9.91 -90.19
-8.93 -91.33
-7.94 -92.40
-6.94 -93.39
-5.94 -94.31
-4.93 -95.15
-3.92 -95.93
-2.91 -96.63
-1.89 -97.26
-0.88 -97.82
0.14 -98.31
1.16 -98.72
2.18 -99.07
3.19 -99.34
4.20 -99.55
5.21 -99.68
6.22 -99.74
7.22 -99.73
8.22 -99.65
9.21 -99.50
10.19 -99.28
11.17 -98.99
12.14 -98.63
13.10 -98.20
14.05 -97.70
14.99 -97.12
15.92 -96.48
16.84 -95.77
17.75 -94.98
18.64 -94.13
19.52 -93.20
20.39 -92.21
21.23 -91.14
22.07 -90.00
22.88 -88.79
23.68 -87.51
24.45 -86.16
25.21 -84.73
25.94 -83.23
26.65 -81.66
27.34 -80.02
28.01 -78.31
28.64 -76.52
29.25 -74.66
29.83 -72.72
30.39 -70.71
30.90 -68.63
31.39 -66.47
31.84 -64.24
32.25 -61.94
32.63 -59.56
32.96 -57.10
33.25 -54.57
33.49 -51.96
33.69 -49.28
33.83 -46.52
33.92 -43.68
33.95 -40.77
33.92 -37.79
33.82 -34.73
33.65 -31.60
33.40 -28.40
33.08 -25.13
32.66 -21.79
32.15 -18.39
31.54 -14.94
30.83 -11.43
29.99 -7.88
29.04 -4.30
27.95 -0.69
26.73 2.91
25.38 6.50
23.89 10.06
22.28 13.56
20.55 16.99
18.71 20.33
16.78 23.58
14.78 26.71
12.71 29.74
10.59 32.65
8.44 35.45
6.26 38.13
4.06 40.70
1.85 43.16
-0.37 45.52
-2.58 47.76
-4.79 49.91
-6.99 51.96
-9.18 53.91
-11.35 55.76
-13.50 57.53
-15.63 59.20
-17.74 60.79
-19.82 62.29
-21.88 63.71
-23.91 65.05
-25.90 66.31
-27.87 67.49
-29.81 68.59
-31.71 69.62
-33.59 70.57
-35.42 71.45
-37.22 72.26
-38.99 73.01
-40.72 73.68
-42.41 74.28
-44.06 74.82
-45.68 75.30
-47.25 75.70
-48.79 76.05
-50.29 76.33
-51.74 76.55
-53.16 76.71
-54.53 76.82
-55.86 76.86
-57.15 76.84
-58.39 76.76
-59.59 76.63
-60.75 76.44
-61.86 76.19
-62.93 75.89
-63.95 75.54
-64.93 75.12
-65.86 74.66
-66.74 74.14
-67.58 73.57
-68.37 72.95
-69.11 72.28
-69.80 71.55
-70.44 70.78
-71.03 69.95
-71.57 69.08
-72.06 68.15
-72.50 67.18
-72.88 66.16
-73.22 65.09
-73.50 63.97
-73.72 62.81
-73.89 61.60
-74.01 60.34
-74.07 59.04
-74.07 57.69
-74.02 56.30
-73.90 54.86
-73.73 53.38
-73.50 51.86
-73.21 50.29
-72.85 48.68
-72.43 47.03
-71.95 45.33
-71.40 43.60
-70.79 41.83
-70.11 40.01
-69.36 38.16
-68.55 36.27
-67.66 34.34
-66.70 32.37
-65.66 30.37
-64.55 28.34
-63.36 26.27
-62.10 24.16
-60.75 22.03
-59.32 19.86
-57.80 17.67
-56.20 15.45
-54.51 13.21
-52.73 10.94
-50.85 8.66
-48.88 6.35
-46.80 4.04
-44.63 1.72
-42.34 -0.61
-39.95 -2.94
-37.45 -5.26
-34.83 -7.56
-32.10 -9.83
-29.25 -12.07
-26.29 -14.27
-23.21 -16.40
-20.02 -18.45
-16.74 -20.41
-13.37 -22.27
-9.92 -24.01
-6.43 -25.62
-2.90 -27.09
0.65 -28.43
4.19 -29.64
7.72 -30.73
11.21 -31.69
14.66 -32.53
18.07 -33.27
21.42 -33.90
24.71 -34.45
27.93 -34.90
31.09 -35.27
34.19 -35.56
37.21 -35.78
40.16 -35.94
43.04 -36.03
45.85 -36.05
48.59 -36.02
51.25 -35.94
53.84 -35.80
56.35 -35.62
58.80 -35.39
61.17 -35.12
63.46 -34.80
65.69 -34.44
67.84 -34.05
69.92 -33.62
71.92 -33.15
73.86 -32.66
75.72 -32.13
77.51 -31.56
79.23 -30.97
80.87 -30.36
82.45 -29.71
83.96 -29.04
85.39 -28.35
86.75 -27.63
88.05 -26.89
89.27 -26.12
90.42 -25.34
91.50 -24.54
92.51 -23.72
93.45 -22.88
94.32 -22.02
95.13 -21.15
95.86 -20.26
96.52 -19.36
97.11 -18.44
97.63 -17.51
98.08 -16.57
98.47 -15.61
98.78 -14.64
99.02 -13.67
99.19 -12.68
99.29 -11.69
99.32 -10.68
99.29 -9.67
99.18 -8.66
99.00 -7.63
98.75 -6.60
98.42 -5.57
98.03 -4.53
97.57 -3.49
97.03 -2.44
96.43 -1.40
95.75 -0.35
94.99 0.70
94.17 1.74
93.27 2.79
92.30 3.83
